{
 "cells": [
  {
   "cell_type": "markdown",
   "id": "164d5074-7f9b-488d-9264-fd6d88cd1385",
   "metadata": {},
   "source": [
    "# SBP Operators"
   ]
  },
  {
   "cell_type": "markdown",
   "id": "90d52bff-cdb6-4c4e-b5d5-27ec6394f322",
   "metadata": {},
   "source": [
    "In this example, we demonstrate how SBP operators can be accessed. We start by importing the necessary packages. "
   ]
  },
  {
   "cell_type": "code",
   "execution_count": 1,
   "id": "2518b967-cead-4c2c-8abc-01ef60b61ece",
   "metadata": {},
   "outputs": [
    {
     "name": "stderr",
     "output_type": "stream",
     "text": [
      "\u001b[36m\u001b[1m[ \u001b[22m\u001b[39m\u001b[36m\u001b[1mInfo: \u001b[22m\u001b[39mPrecompiling SummationByParts [55d25451-638a-4804-8089-59924bcb4a40]\n",
      "\u001b[36m\u001b[1m[ \u001b[22m\u001b[39m\u001b[36m\u001b[1mInfo: \u001b[22m\u001b[39mSkipping precompilation since __precompile__(false). Importing SummationByParts [55d25451-638a-4804-8089-59924bcb4a40].\n"
     ]
    },
    {
     "data": {
      "application/vnd.webio.node+json": {
       "children": [],
       "instanceArgs": {
        "namespace": "html",
        "tag": "div"
       },
       "nodeType": "DOM",
       "props": {},
       "type": "node"
      },
      "text/html": [
       "<div style=\"padding: 1em; background-color: #f8d6da; border: 1px solid #f5c6cb; font-weight: bold;\">\n",
       "<p>The WebIO Jupyter extension was not detected. See the\n",
       "<a href=\"https://juliagizmos.github.io/WebIO.jl/latest/providers/ijulia/\" target=\"_blank\">\n",
       "    WebIO Jupyter integration documentation\n",
       "</a>\n",
       "for more information.\n",
       "</div>\n"
      ],
      "text/plain": [
       "WebIO._IJuliaInit()"
      ]
     },
     "metadata": {
      "@webio": {
       "kernelId": "5f28e994-c993-4eea-9572-70892b811e53"
      }
     },
     "output_type": "display_data"
    }
   ],
   "source": [
    "using SummationByParts, LinearAlgebra\n",
    "using SummationByParts.Cubature, SummationByParts.SymCubatures\n",
    "using Latexify"
   ]
  },
  {
   "cell_type": "markdown",
   "id": "8ad8cc7a-1d5d-412d-9dd9-afa00f2e9350",
   "metadata": {},
   "source": [
    "## 1D Operators"
   ]
  },
  {
   "cell_type": "markdown",
   "id": "2ed077b4-b137-4786-9723-829a32df2331",
   "metadata": {},
   "source": [
    "### LGL Operators"
   ]
  },
  {
   "cell_type": "code",
   "execution_count": 2,
   "id": "1f27e6f9-222b-44c0-a879-8e4a3116b6a6",
   "metadata": {},
   "outputs": [
    {
     "data": {
      "text/plain": [
       "Float64"
      ]
     },
     "execution_count": 2,
     "metadata": {},
     "output_type": "execute_result"
    }
   ],
   "source": [
    "T = Float64"
   ]
  },
  {
   "cell_type": "code",
   "execution_count": 3,
   "id": "a3c819ea-124c-47e3-b66f-1c21ba85a775",
   "metadata": {},
   "outputs": [],
   "source": [
    "p = 3; # degree of the SBP operator"
   ]
  },
  {
   "cell_type": "code",
   "execution_count": 4,
   "id": "8a09af9d-ee99-4fd9-ab19-3e1a389f1964",
   "metadata": {},
   "outputs": [
    {
     "data": {
      "text/plain": [
       "LineSegSBP{Float64}(3, 4, LineSymCub{Float64}(1, 2, 4, true, false, 1, [0, 2], [0.7236067977499789], [0.16666666666666666, 0.8333333333333334]), [-1.0; 1.0;;], [0.16666666666666666, 0.16666666666666666, 0.8333333333333334, 0.8333333333333334], [-0.5000000000000004 0.08333333333333322 0.6741808286457893 -0.25751416197912314; -0.08333333333333322 0.5000000000000004 0.2575141619791228 -0.6741808286457891; -0.6741808286457893 -0.2575141619791228 0.0 0.9316949906249126; 0.25751416197912314 0.6741808286457891 -0.9316949906249126 0.0;;;], [-1.0000000000000009 0.0 0.0 0.0; 0.0 1.0000000000000009 0.0 0.0; 0.0 0.0 0.0 0.0; 0.0 0.0 0.0 0.0;;;])"
      ]
     },
     "execution_count": 4,
     "metadata": {},
     "output_type": "execute_result"
    }
   ],
   "source": [
    "oper_lgl = getLineSegSBPLobbato(degree=p)"
   ]
  },
  {
   "cell_type": "markdown",
   "id": "91688a99-701a-4d18-8e30-9400f8b2a31c",
   "metadata": {},
   "source": [
    "The SBP operators $\\sf Q$, $\\sf H$, $\\sf D$, $\\sf E$, and $\\sf S$ can be obtained as:"
   ]
  },
  {
   "cell_type": "code",
   "execution_count": 5,
   "id": "dddd11fe-a56e-48ee-a069-17278166228b",
   "metadata": {},
   "outputs": [
    {
     "data": {
      "text/latex": [
       "\\begin{equation}\n",
       "\\left[\n",
       "\\begin{array}{cccc}\n",
       "-0.5000000000000004 & 0.08333333333333322 & 0.6741808286457893 & -0.25751416197912314 \\\\\n",
       "-0.08333333333333322 & 0.5000000000000004 & 0.2575141619791228 & -0.6741808286457891 \\\\\n",
       "-0.6741808286457893 & -0.2575141619791228 & 0.0 & 0.9316949906249126 \\\\\n",
       "0.25751416197912314 & 0.6741808286457891 & -0.9316949906249126 & 0.0 \\\\\n",
       "\\end{array}\n",
       "\\right]\n",
       "\\end{equation}\n"
      ],
      "text/plain": [
       "L\"\\begin{equation}\n",
       "\\left[\n",
       "\\begin{array}{cccc}\n",
       "-0.5000000000000004 & 0.08333333333333322 & 0.6741808286457893 & -0.25751416197912314 \\\\\n",
       "-0.08333333333333322 & 0.5000000000000004 & 0.2575141619791228 & -0.6741808286457891 \\\\\n",
       "-0.6741808286457893 & -0.2575141619791228 & 0.0 & 0.9316949906249126 \\\\\n",
       "0.25751416197912314 & 0.6741808286457891 & -0.9316949906249126 & 0.0 \\\\\n",
       "\\end{array}\n",
       "\\right]\n",
       "\\end{equation}\n",
       "\""
      ]
     },
     "execution_count": 5,
     "metadata": {},
     "output_type": "execute_result"
    }
   ],
   "source": [
    "Q = oper_lgl.Q;\n",
    "Qx = Q[:,:,1];\n",
    "latexify(Qx)"
   ]
  },
  {
   "cell_type": "code",
   "execution_count": 6,
   "id": "3c1354b5-8d05-45d0-8abe-f9c1cf9e5b36",
   "metadata": {},
   "outputs": [
    {
     "data": {
      "text/latex": [
       "\\begin{equation}\n",
       "\\left[\n",
       "\\begin{array}{cccc}\n",
       "0.16666666666666666 & 0.0 & 0.0 & 0.0 \\\\\n",
       "0.0 & 0.16666666666666666 & 0.0 & 0.0 \\\\\n",
       "0.0 & 0.0 & 0.8333333333333334 & 0.0 \\\\\n",
       "0.0 & 0.0 & 0.0 & 0.8333333333333334 \\\\\n",
       "\\end{array}\n",
       "\\right]\n",
       "\\end{equation}\n"
      ],
      "text/plain": [
       "L\"\\begin{equation}\n",
       "\\left[\n",
       "\\begin{array}{cccc}\n",
       "0.16666666666666666 & 0.0 & 0.0 & 0.0 \\\\\n",
       "0.0 & 0.16666666666666666 & 0.0 & 0.0 \\\\\n",
       "0.0 & 0.0 & 0.8333333333333334 & 0.0 \\\\\n",
       "0.0 & 0.0 & 0.0 & 0.8333333333333334 \\\\\n",
       "\\end{array}\n",
       "\\right]\n",
       "\\end{equation}\n",
       "\""
      ]
     },
     "execution_count": 6,
     "metadata": {},
     "output_type": "execute_result"
    }
   ],
   "source": [
    "H = diagm(oper_lgl.w);\n",
    "latexify(H)"
   ]
  },
  {
   "cell_type": "markdown",
   "id": "dec509f2-ac7f-4da8-9ca0-d155ee4c2bd8",
   "metadata": {},
   "source": [
    "To find the boundary operator, we proceed as:"
   ]
  },
  {
   "cell_type": "code",
   "execution_count": 7,
   "id": "51d671a3-8f37-4484-8c4b-c58c2dd8785d",
   "metadata": {},
   "outputs": [
    {
     "data": {
      "text/latex": [
       "\\begin{equation}\n",
       "\\left[\n",
       "\\begin{array}{cccc}\n",
       "-1.0000000000000009 & 0.0 & 0.0 & 0.0 \\\\\n",
       "0.0 & 1.0000000000000009 & 0.0 & 0.0 \\\\\n",
       "0.0 & 0.0 & 0.0 & 0.0 \\\\\n",
       "0.0 & 0.0 & 0.0 & 0.0 \\\\\n",
       "\\end{array}\n",
       "\\right]\n",
       "\\end{equation}\n"
      ],
      "text/plain": [
       "L\"\\begin{equation}\n",
       "\\left[\n",
       "\\begin{array}{cccc}\n",
       "-1.0000000000000009 & 0.0 & 0.0 & 0.0 \\\\\n",
       "0.0 & 1.0000000000000009 & 0.0 & 0.0 \\\\\n",
       "0.0 & 0.0 & 0.0 & 0.0 \\\\\n",
       "0.0 & 0.0 & 0.0 & 0.0 \\\\\n",
       "\\end{array}\n",
       "\\right]\n",
       "\\end{equation}\n",
       "\""
      ]
     },
     "execution_count": 7,
     "metadata": {},
     "output_type": "execute_result"
    }
   ],
   "source": [
    "E = oper_lgl.E;\n",
    "Ex = E[:,:,1];\n",
    "latexify(E)"
   ]
  },
  {
   "cell_type": "markdown",
   "id": "c5991cd7-a074-4bad-8d52-139a3533f18f",
   "metadata": {},
   "source": [
    "$\\sf S$ and $\\sf D$ are computed using the formulas $${\\sf D} = {\\sf H}^{-1}{\\sf Q}$$ $${\\sf S} = {\\sf Q} - \\frac{1}{2}{\\sf E}$$"
   ]
  },
  {
   "cell_type": "code",
   "execution_count": 8,
   "id": "483c6000-d093-4f25-bc88-5c265619c62a",
   "metadata": {},
   "outputs": [
    {
     "data": {
      "text/latex": [
       "\\begin{equation}\n",
       "\\left[\n",
       "\\begin{array}{cccc}\n",
       "-3.0000000000000027 & 0.49999999999999933 & 4.045084971874736 & -1.5450849718747388 \\\\\n",
       "-0.49999999999999933 & 3.0000000000000027 & 1.5450849718747368 & -4.045084971874735 \\\\\n",
       "-0.8090169943749471 & -0.30901699437494734 & 0.0 & 1.1180339887498951 \\\\\n",
       "0.30901699437494773 & 0.8090169943749469 & -1.1180339887498951 & 0.0 \\\\\n",
       "\\end{array}\n",
       "\\right]\n",
       "\\end{equation}\n"
      ],
      "text/plain": [
       "L\"\\begin{equation}\n",
       "\\left[\n",
       "\\begin{array}{cccc}\n",
       "-3.0000000000000027 & 0.49999999999999933 & 4.045084971874736 & -1.5450849718747388 \\\\\n",
       "-0.49999999999999933 & 3.0000000000000027 & 1.5450849718747368 & -4.045084971874735 \\\\\n",
       "-0.8090169943749471 & -0.30901699437494734 & 0.0 & 1.1180339887498951 \\\\\n",
       "0.30901699437494773 & 0.8090169943749469 & -1.1180339887498951 & 0.0 \\\\\n",
       "\\end{array}\n",
       "\\right]\n",
       "\\end{equation}\n",
       "\""
      ]
     },
     "execution_count": 8,
     "metadata": {},
     "output_type": "execute_result"
    }
   ],
   "source": [
    "Dx = inv(H)*Q[:,:,1];\n",
    "latexify(Dx)"
   ]
  },
  {
   "cell_type": "code",
   "execution_count": 9,
   "id": "77480c74-cbaa-4ac6-bff3-415cfcd9c9b9",
   "metadata": {},
   "outputs": [
    {
     "data": {
      "text/latex": [
       "\\begin{equation}\n",
       "\\left[\n",
       "\\begin{array}{cccc}\n",
       "0.0 & 0.08333333333333322 & 0.6741808286457893 & -0.25751416197912314 \\\\\n",
       "-0.08333333333333322 & 0.0 & 0.2575141619791228 & -0.6741808286457891 \\\\\n",
       "-0.6741808286457893 & -0.2575141619791228 & 0.0 & 0.9316949906249126 \\\\\n",
       "0.25751416197912314 & 0.6741808286457891 & -0.9316949906249126 & 0.0 \\\\\n",
       "\\end{array}\n",
       "\\right]\n",
       "\\end{equation}\n"
      ],
      "text/plain": [
       "L\"\\begin{equation}\n",
       "\\left[\n",
       "\\begin{array}{cccc}\n",
       "0.0 & 0.08333333333333322 & 0.6741808286457893 & -0.25751416197912314 \\\\\n",
       "-0.08333333333333322 & 0.0 & 0.2575141619791228 & -0.6741808286457891 \\\\\n",
       "-0.6741808286457893 & -0.2575141619791228 & 0.0 & 0.9316949906249126 \\\\\n",
       "0.25751416197912314 & 0.6741808286457891 & -0.9316949906249126 & 0.0 \\\\\n",
       "\\end{array}\n",
       "\\right]\n",
       "\\end{equation}\n",
       "\""
      ]
     },
     "execution_count": 9,
     "metadata": {},
     "output_type": "execute_result"
    }
   ],
   "source": [
    "Sx = Qx - 0.5.*Ex;\n",
    "latexify(Sx)"
   ]
  },
  {
   "cell_type": "markdown",
   "id": "f2cdb516-3a1d-4ef9-af71-79c23c6d6e3a",
   "metadata": {},
   "source": [
    "Check if the SBP property is satisfied, i.e., $\\sf Q+Q^{T}=E$"
   ]
  },
  {
   "cell_type": "code",
   "execution_count": 10,
   "id": "f130cbbd-be0b-4908-b56e-9e6300cfa437",
   "metadata": {},
   "outputs": [
    {
     "data": {
      "text/plain": [
       "0.0"
      ]
     },
     "execution_count": 10,
     "metadata": {},
     "output_type": "execute_result"
    }
   ],
   "source": [
    "norm(Qx+Qx'-Ex)"
   ]
  },
  {
   "cell_type": "markdown",
   "id": "632e79b1-ef1b-45b2-8a43-c7fbd8639eee",
   "metadata": {},
   "source": [
    "### LG Operators"
   ]
  },
  {
   "cell_type": "markdown",
   "id": "7da07d95-2f09-45e8-8c0b-74f3286d49bc",
   "metadata": {},
   "source": [
    "The same can be done for the LG operators."
   ]
  },
  {
   "cell_type": "code",
   "execution_count": 11,
   "id": "d670b060-2b36-4cf1-bb5a-ff051dff7521",
   "metadata": {},
   "outputs": [],
   "source": [
    "oper_lg = getLineSegSBPLegendre(degree=p);"
   ]
  },
  {
   "cell_type": "code",
   "execution_count": 12,
   "id": "198b5075-913c-4069-8e06-fa68e2b386ff",
   "metadata": {},
   "outputs": [],
   "source": [
    "Qx = oper_lg.Q[:,:,1];\n",
    "H = diagm(oper_lg.w);\n",
    "Ex = oper_lg.E[:,:,1];\n",
    "Dx = inv(H)*Q[:,:,1];\n",
    "Sx = Qx - 0.5.*Ex;"
   ]
  },
  {
   "cell_type": "code",
   "execution_count": 13,
   "id": "0d83f0a9-7d6e-431e-b9d0-3e1cc21565ec",
   "metadata": {},
   "outputs": [
    {
     "data": {
      "text/latex": [
       "\\begin{equation}\n",
       "\\left[\n",
       "\\begin{array}{cccc}\n",
       "1.1590524262142838 & -0.20197432186638253 & -1.6906282616122876 & 0.7335501572643874 \\\\\n",
       "0.20197432186638253 & -1.1590524262142838 & -0.7335501572643869 & 1.6906282616122872 \\\\\n",
       "0.4940375280205468 & 0.21435895436195518 & 0.25069398334779636 & -0.9590904657302988 \\\\\n",
       "-0.2143589543619558 & -0.4940375280205461 & 0.9590904657302988 & -0.25069398334779636 \\\\\n",
       "\\end{array}\n",
       "\\right]\n",
       "\\end{equation}\n"
      ],
      "text/plain": [
       "L\"\\begin{equation}\n",
       "\\left[\n",
       "\\begin{array}{cccc}\n",
       "1.1590524262142838 & -0.20197432186638253 & -1.6906282616122876 & 0.7335501572643874 \\\\\n",
       "0.20197432186638253 & -1.1590524262142838 & -0.7335501572643869 & 1.6906282616122872 \\\\\n",
       "0.4940375280205468 & 0.21435895436195518 & 0.25069398334779636 & -0.9590904657302988 \\\\\n",
       "-0.2143589543619558 & -0.4940375280205461 & 0.9590904657302988 & -0.25069398334779636 \\\\\n",
       "\\end{array}\n",
       "\\right]\n",
       "\\end{equation}\n",
       "\""
      ]
     },
     "execution_count": 13,
     "metadata": {},
     "output_type": "execute_result"
    }
   ],
   "source": [
    "latexify(Qx)"
   ]
  },
  {
   "cell_type": "code",
   "execution_count": 14,
   "id": "e1c5b22b-41a6-43d7-ae13-f4d779f0f1a4",
   "metadata": {},
   "outputs": [
    {
     "data": {
      "text/latex": [
       "\\begin{equation}\n",
       "\\left[\n",
       "\\begin{array}{cccc}\n",
       "0.3478548451374538 & 0.0 & 0.0 & 0.0 \\\\\n",
       "0.0 & 0.3478548451374538 & 0.0 & 0.0 \\\\\n",
       "0.0 & 0.0 & 0.652145154862546 & 0.0 \\\\\n",
       "0.0 & 0.0 & 0.0 & 0.652145154862546 \\\\\n",
       "\\end{array}\n",
       "\\right]\n",
       "\\end{equation}\n"
      ],
      "text/plain": [
       "L\"\\begin{equation}\n",
       "\\left[\n",
       "\\begin{array}{cccc}\n",
       "0.3478548451374538 & 0.0 & 0.0 & 0.0 \\\\\n",
       "0.0 & 0.3478548451374538 & 0.0 & 0.0 \\\\\n",
       "0.0 & 0.0 & 0.652145154862546 & 0.0 \\\\\n",
       "0.0 & 0.0 & 0.0 & 0.652145154862546 \\\\\n",
       "\\end{array}\n",
       "\\right]\n",
       "\\end{equation}\n",
       "\""
      ]
     },
     "execution_count": 14,
     "metadata": {},
     "output_type": "execute_result"
    }
   ],
   "source": [
    "latexify(H)"
   ]
  },
  {
   "cell_type": "code",
   "execution_count": 15,
   "id": "7f6b246f-dac6-4e1c-a41a-de5597a4d77e",
   "metadata": {},
   "outputs": [
    {
     "data": {
      "text/latex": [
       "\\begin{equation}\n",
       "\\left[\n",
       "\\begin{array}{cccc}\n",
       "2.3181048524285677 & 0.0 & -1.196590733591741 & 0.5191912029024317 \\\\\n",
       "0.0 & -2.3181048524285677 & -0.5191912029024317 & 1.196590733591741 \\\\\n",
       "-1.196590733591741 & -0.5191912029024317 & 0.5013879666955927 & 0.0 \\\\\n",
       "0.5191912029024317 & 1.196590733591741 & 0.0 & -0.5013879666955927 \\\\\n",
       "\\end{array}\n",
       "\\right]\n",
       "\\end{equation}\n"
      ],
      "text/plain": [
       "L\"\\begin{equation}\n",
       "\\left[\n",
       "\\begin{array}{cccc}\n",
       "2.3181048524285677 & 0.0 & -1.196590733591741 & 0.5191912029024317 \\\\\n",
       "0.0 & -2.3181048524285677 & -0.5191912029024317 & 1.196590733591741 \\\\\n",
       "-1.196590733591741 & -0.5191912029024317 & 0.5013879666955927 & 0.0 \\\\\n",
       "0.5191912029024317 & 1.196590733591741 & 0.0 & -0.5013879666955927 \\\\\n",
       "\\end{array}\n",
       "\\right]\n",
       "\\end{equation}\n",
       "\""
      ]
     },
     "execution_count": 15,
     "metadata": {},
     "output_type": "execute_result"
    }
   ],
   "source": [
    "latexify(Ex)"
   ]
  },
  {
   "cell_type": "code",
   "execution_count": 16,
   "id": "040d74f5-48ce-48f6-833b-ed2b2438ef23",
   "metadata": {},
   "outputs": [
    {
     "data": {
      "text/latex": [
       "\\begin{equation}\n",
       "\\left[\n",
       "\\begin{array}{cccc}\n",
       "-1.4373811576562256 & 0.23956352627603705 & 1.9381096398970346 & -0.740292008516849 \\\\\n",
       "-0.23956352627603705 & 1.4373811576562256 & 0.740292008516848 & -1.9381096398970339 \\\\\n",
       "-1.0337895231129761 & -0.3948724606156119 & 0.0 & 1.4286619837285885 \\\\\n",
       "0.3948724606156124 & 1.0337895231129757 & -1.4286619837285885 & 0.0 \\\\\n",
       "\\end{array}\n",
       "\\right]\n",
       "\\end{equation}\n"
      ],
      "text/plain": [
       "L\"\\begin{equation}\n",
       "\\left[\n",
       "\\begin{array}{cccc}\n",
       "-1.4373811576562256 & 0.23956352627603705 & 1.9381096398970346 & -0.740292008516849 \\\\\n",
       "-0.23956352627603705 & 1.4373811576562256 & 0.740292008516848 & -1.9381096398970339 \\\\\n",
       "-1.0337895231129761 & -0.3948724606156119 & 0.0 & 1.4286619837285885 \\\\\n",
       "0.3948724606156124 & 1.0337895231129757 & -1.4286619837285885 & 0.0 \\\\\n",
       "\\end{array}\n",
       "\\right]\n",
       "\\end{equation}\n",
       "\""
      ]
     },
     "execution_count": 16,
     "metadata": {},
     "output_type": "execute_result"
    }
   ],
   "source": [
    "latexify(Dx)"
   ]
  },
  {
   "cell_type": "code",
   "execution_count": 17,
   "id": "679f5b24-c7ac-4899-a6b0-21da70238c4f",
   "metadata": {},
   "outputs": [
    {
     "data": {
      "text/latex": [
       "\\begin{equation}\n",
       "\\left[\n",
       "\\begin{array}{cccc}\n",
       "0.0 & -0.20197432186638253 & -1.0923328948164173 & 0.4739545558131716 \\\\\n",
       "0.20197432186638253 & 0.0 & -0.47395455581317103 & 1.0923328948164168 \\\\\n",
       "1.0923328948164173 & 0.47395455581317103 & 0.0 & -0.9590904657302988 \\\\\n",
       "-0.47395455581317164 & -1.0923328948164166 & 0.9590904657302988 & 0.0 \\\\\n",
       "\\end{array}\n",
       "\\right]\n",
       "\\end{equation}\n"
      ],
      "text/plain": [
       "L\"\\begin{equation}\n",
       "\\left[\n",
       "\\begin{array}{cccc}\n",
       "0.0 & -0.20197432186638253 & -1.0923328948164173 & 0.4739545558131716 \\\\\n",
       "0.20197432186638253 & 0.0 & -0.47395455581317103 & 1.0923328948164168 \\\\\n",
       "1.0923328948164173 & 0.47395455581317103 & 0.0 & -0.9590904657302988 \\\\\n",
       "-0.47395455581317164 & -1.0923328948164166 & 0.9590904657302988 & 0.0 \\\\\n",
       "\\end{array}\n",
       "\\right]\n",
       "\\end{equation}\n",
       "\""
      ]
     },
     "execution_count": 17,
     "metadata": {},
     "output_type": "execute_result"
    }
   ],
   "source": [
    "latexify(Sx)"
   ]
  },
  {
   "cell_type": "markdown",
   "id": "513502e2-719a-4713-a120-2a11b4d12f22",
   "metadata": {},
   "source": [
    "Check if the SBP property is satisfied."
   ]
  },
  {
   "cell_type": "code",
   "execution_count": 18,
   "id": "51dd7279-24d7-4f4c-ade7-e5640149cf65",
   "metadata": {},
   "outputs": [
    {
     "data": {
      "text/plain": [
       "4.440892098500626e-16"
      ]
     },
     "execution_count": 18,
     "metadata": {},
     "output_type": "execute_result"
    }
   ],
   "source": [
    "norm(Qx+Qx'-Ex)"
   ]
  },
  {
   "cell_type": "code",
   "execution_count": null,
   "id": "d5f424a8-7814-4133-bc1c-7c6140c8b7d3",
   "metadata": {},
   "outputs": [],
   "source": []
  },
  {
   "cell_type": "code",
   "execution_count": null,
   "id": "9432b172-f4c5-4ece-8a6a-38be36a995af",
   "metadata": {},
   "outputs": [],
   "source": []
  },
  {
   "cell_type": "markdown",
   "id": "a15e146f-7ef9-438b-8c8a-0a30bc84cb9f",
   "metadata": {},
   "source": [
    "## 2D Operators"
   ]
  },
  {
   "cell_type": "markdown",
   "id": "e14ce4d9-9332-42e8-a301-0da9aad18acf",
   "metadata": {},
   "source": [
    "2D operators of the following range of degrees are currently available. \n",
    "\n",
    "SBP diagonal-$\\sf E$: $p=\\{1,\\dots,10\\}$ \n",
    "\n",
    "SBP-$\\sf \\Omega$ and SBP-$\\sf \\Gamma$: $p=\\{1,\\dots,4\\}$"
   ]
  },
  {
   "cell_type": "code",
   "execution_count": 19,
   "id": "9b610214-1d99-4b28-a105-65ae0d365b6f",
   "metadata": {},
   "outputs": [
    {
     "data": {
      "text/plain": [
       "3"
      ]
     },
     "execution_count": 19,
     "metadata": {},
     "output_type": "execute_result"
    }
   ],
   "source": [
    "p = 3"
   ]
  },
  {
   "cell_type": "markdown",
   "id": "4103e33d-5a5c-4abc-b95a-efdfa5f626dc",
   "metadata": {},
   "source": [
    "For SBP diagonal-E operators, we must also specify whether the LGL or LG type facet quadrature should be used. We can also specify the quadrature accuracy to $q = 2p-1$ or $q = 2p$. "
   ]
  },
  {
   "cell_type": "code",
   "execution_count": 20,
   "id": "9af7492e-4c02-40a1-8ca7-724a0f37391e",
   "metadata": {},
   "outputs": [],
   "source": [
    "q = 2*p - 1;\n",
    "lgl = true;\n",
    "lg = false;"
   ]
  },
  {
   "cell_type": "code",
   "execution_count": 21,
   "id": "ecf4e143-baf5-4153-813b-05809b37d861",
   "metadata": {},
   "outputs": [
    {
     "data": {
      "text/plain": [
       "TriSBP{Float64}(3, 15, TriSymCub{Float64}(2, 4, 15, true, true, false, 1, 1, 0, [0, 3, 1], [0.41469035132718185, 0.8273268353539885], [0.014698618394803228, 0.09752600361864236, 0.44155411568082115, 0.056443964486199594]), [-1.0 -1.0; 1.0 -1.0; -1.0 1.0], [0.014698618394803228, 0.014698618394803228, 0.014698618394803228, 0.09752600361864236, 0.09752600361864236, 0.09752600361864236, 0.44155411568082115, 0.44155411568082115, 0.44155411568082115, 0.056443964486199594, 0.056443964486199594, 0.056443964486199594, 0.056443964486199594, 0.056443964486199594, 0.056443964486199594], [-0.05000000000000003 -0.0023671950822501935 … 0.005536259493918755 -0.021126252595218414; 0.0023671950822501935 0.04999999999999992 … 0.0006021747554100543 -0.0011050478459260146; … ; -0.005536259493918599 -0.0006021747554100543 … -0.27222222222222253 0.019007663904927096; 0.021126252595218296 0.0011050478459260146 … -0.01900766390493026 -0.2722222222222221;;; -0.04999999999999992 -0.0011835975411251347 … 0.010615682503509053 0.06082973445273502; 0.0011835975411250246 -1.1102230246251565e-16 … 0.0017072226013358136 -0.0017072226013362833; … ; -0.010615682503509053 -0.0017072226013358136 … 0.0 0.03801532780985657; -0.06082973445273502 0.0017072226013362833 … -0.03801532780985657 0.0], [-0.10000000000000006 0.0 … 1.5550416278483793e-16 -1.1596738612628503e-16; 0.0 0.09999999999999984 … 0.0 0.0; … ; 1.5550416278483793e-16 0.0 … -0.5444444444444451 -3.161754804529057e-15; -1.15967386126285e-16 0.0 … -3.161754804529057e-15 -0.5444444444444442;;; -0.09999999999999984 -1.1004881868188319e-16 … 0.0 0.0; -1.1004881868188319e-16 -2.220446049250313e-16 … 0.0 0.0; … ; 0.0 0.0 … 0.0 0.0; 0.0 0.0 … 0.0 0.0])"
      ]
     },
     "execution_count": 21,
     "metadata": {},
     "output_type": "execute_result"
    }
   ],
   "source": [
    "oper_tri = SummationByParts.getTriSBPDiagE(degree=p,vertices=lgl,quad_degree=q)\n",
    "# oper_tri = SummationByParts.getTriSBPOmega(degree=p)\n",
    "# oper_tri = SummationByParts.getTriSBPGamma(degree=p)"
   ]
  },
  {
   "cell_type": "markdown",
   "id": "e752ab52-2f4f-4816-b37b-d95d683c68bc",
   "metadata": {},
   "source": [
    "We can now access the operators as:"
   ]
  },
  {
   "cell_type": "code",
   "execution_count": 22,
   "id": "85bfcede-eee6-4433-896f-8e66debc09bf",
   "metadata": {},
   "outputs": [],
   "source": [
    "Qx = oper_tri.Q[:,:,1];\n",
    "Qy = oper_tri.Q[:,:,2];\n",
    "H = diagm(oper_tri.w);\n",
    "Ex = oper_tri.E[:,:,1];\n",
    "Ey = oper_tri.E[:,:,2];\n",
    "Dx = inv(H)*Qx;\n",
    "Dy = inv(H)*Qy;\n",
    "Sx = Qx - 0.5.*Ex;\n",
    "Sy = Qy - 0.5.*Ey;"
   ]
  },
  {
   "cell_type": "code",
   "execution_count": 23,
   "id": "c5445674-80a3-465a-9efa-7ee9d93d1a40",
   "metadata": {},
   "outputs": [
    {
     "data": {
      "text/latex": [
       "\\begin{equation}\n",
       "\\left[\n",
       "\\begin{array}{ccccccccccccccc}\n",
       "-0.05000000000000003 & -0.0023671950822501935 & -0.0011835975411251356 & -0.016745257556144977 & 0.01143686139154244 & 0.0025008918425175725 & -0.01695994058081973 & 0.03740063347561936 & -0.020440692894799092 & 0.06082973445273505 & 0.01061568250350927 & 0.0011050478459259832 & -0.0006021747554099766 & 0.005536259493918755 & -0.021126252595218414 \\\\\n",
       "0.0023671950822501935 & 0.04999999999999992 & 0.0011835975411252067 & 0.01674525755614509 & -0.002500891842516874 & -0.011436861391542558 & 0.016959940580820156 & 0.02044069289479908 & -0.03740063347561941 & -0.010615682503509078 & -0.06082973445273479 & 0.02112625259521862 & -0.005536259493918632 & 0.0006021747554100543 & -0.0011050478459260146 \\\\\n",
       "0.0011835975411250254 & -0.0011835975411250965 & 1.1102230246251565e-16 & 9.96772394051078e-17 & -0.01924614939866186 & 0.019246149398661504 & 1.1060925854499137e-16 & 0.003480752313979131 & -0.0034807523139789302 & -0.0017072226013359346 & 0.0017072226013359882 & 0.005079423009590581 & 0.08195598704795355 & -0.08195598704795351 & -0.005079423009590611 \\\\\n",
       "0.016745257556144977 & -0.01674525755614509 & -9.96772394051078e-17 & 0.0 & -0.02552526668539074 & 0.02552526668539034 & 6.35439549157853e-17 & -0.07778236026736329 & 0.07778236026736295 & -0.0922014355744296 & 0.09220143557442932 & -0.018075620274827058 & 0.020074696511691765 & -0.020074696511691748 & 0.018075620274827314 \\\\\n",
       "-0.01143686139154244 & 0.0025008918425168574 & 0.019246149398661556 & 0.02552526668539074 & 0.35555555555555635 & 0.05105053337078298 & -0.3125060464843277 & 0.0627708895095091 & -0.2347236862169662 & 0.004611947483688137 & 0.02017389929967902 & 0.043323062987489495 & -0.048878372586940715 & 0.03824951957450657 & -0.01546274902800326 \\\\\n",
       "-0.002500891842517267 & 0.011436861391542558 & -0.01924614939866149 & -0.02552526668539034 & -0.05105053337078298 & -0.35555555555555635 & 0.312506046484328 & 0.23472368621696577 & -0.06277088950950879 & -0.020173899299678267 & -0.004611947483688649 & 0.015462749028003535 & -0.0382495195745072 & 0.04887837258693924 & -0.04332306298748755 \\\\\n",
       "0.01695994058081973 & -0.016959940580820156 & -1.1060925854499137e-16 & -6.35439549157853e-17 & 0.3125060464843277 & -0.312506046484328 & 0.0 & -0.2291944243813958 & 0.22919442438139576 & 0.010923008971691453 & -0.010923008971691513 & -0.058111431547354306 & 0.29005410384544533 & -0.2900541038454453 & 0.0581114315473547 \\\\\n",
       "-0.03740063347561936 & -0.02044069289479908 & -0.003480752313979131 & 0.07778236026736329 & -0.0627708895095091 & -0.23472368621696577 & 0.2291944243813958 & 0.0 & 0.4583888487627905 & -0.010654898984058563 & 0.0002681099876326207 & -0.08237786884071263 & -0.07145485986902045 & 0.058379541534987554 & -0.30070900282950375 \\\\\n",
       "0.020440692894799092 & 0.03740063347561941 & 0.0034807523139789302 & -0.07778236026736295 & 0.2347236862169662 & 0.06277088950950879 & -0.22919442438139576 & -0.4583888487627905 & 0.0 & -0.00026810998763259674 & 0.010654898984058438 & 0.3007090028295047 & -0.05837954153498713 & 0.07145485986902017 & 0.08237786884071253 \\\\\n",
       "-0.06082973445273505 & 0.010615682503509078 & 0.0017072226013359346 & 0.0922014355744296 & -0.004611947483688137 & 0.020173899299678267 & -0.010923008971691453 & 0.010654898984058563 & 0.00026810998763259674 & 0.0 & -0.03801532780985696 & 0.004213523360313649 & 0.009702489393566898 & -0.012286907399794001 & -0.02287033558675903 \\\\\n",
       "-0.01061568250350927 & 0.06082973445273479 & -0.0017072226013359882 & -0.09220143557442932 & -0.02017389929967902 & 0.004611947483688649 & 0.010923008971691513 & -0.0002681099876326207 & -0.010654898984058438 & 0.03801532780985696 & 0.0 & 0.02287033558675892 & 0.012286907399794149 & -0.009702489393567066 & -0.0042135233603134235 \\\\\n",
       "-0.0011050478459259832 & -0.02112625259521855 & -0.0050794230095907375 & 0.018075620274827058 & -0.04332306298748916 & -0.015462749028003535 & 0.058111431547354306 & 0.08237786884071263 & -0.3007090028295047 & -0.004213523360313649 & -0.02287033558675892 & 0.27222222222222253 & 0.01900766390492974 & -0.01650043076010809 & -0.019404978787133327 \\\\\n",
       "0.0006021747554099766 & 0.0055362594939185154 & -0.08195598704795344 & -0.020074696511691765 & 0.04887837258693773 & 0.0382495195745072 & -0.29005410384544533 & 0.07145485986902045 & 0.05837954153498713 & -0.009702489393566898 & -0.012286907399794149 & -0.019007663904926576 & 0.2722222222222221 & -0.04574067117351753 & -0.01650043076010808 \\\\\n",
       "-0.005536259493918599 & -0.0006021747554100543 & 0.08195598704795343 & 0.020074696511691748 & -0.03824951957450657 & -0.04887837258693957 & 0.2900541038454453 & -0.058379541534987554 & -0.07145485986902017 & 0.012286907399794001 & 0.009702489393567066 & 0.01650043076010809 & 0.04574067117351753 & -0.27222222222222253 & 0.019007663904927096 \\\\\n",
       "0.021126252595218296 & 0.0011050478459260146 & 0.005079423009590727 & -0.018075620274827314 & 0.01546274902800326 & 0.043323062987490536 & -0.0581114315473547 & 0.30070900282950375 & -0.08237786884071253 & 0.02287033558675903 & 0.0042135233603134235 & 0.019404978787133327 & 0.01650043076010808 & -0.01900766390493026 & -0.2722222222222221 \\\\\n",
       "\\end{array}\n",
       "\\right]\n",
       "\\end{equation}\n"
      ],
      "text/plain": [
       "\"\\\\begin{equation}\\n\\\\left[\\n\\\\begin{array}{ccccccccccccccc}\\n-0.05000000000000003 & -0.0023671950822501935 & -0.0011835975411251356 & -0.016745257556144977 & 0.01143686139154244 & 0.0025008918425175725 & -0.01695994058081973 & 0.03740063347561936 & -0.020440692894799092 & 0.0\" ⋯ 4646 bytes ⋯ \"00326 & 0.043323062987490536 & -0.0581114315473547 & 0.30070900282950375 & -0.08237786884071253 & 0.02287033558675903 & 0.0042135233603134235 & 0.019404978787133327 & 0.01650043076010808 & -0.01900766390493026 & -0.2722222222222221 \\\\\\\\\\n\\\\end{array}\\n\\\\right]\\n\\\\end{equation}\\n\""
      ]
     },
     "execution_count": 23,
     "metadata": {},
     "output_type": "execute_result"
    }
   ],
   "source": [
    "latexify(Qx)"
   ]
  },
  {
   "cell_type": "code",
   "execution_count": 24,
   "id": "c20b22b2-88cc-4a52-9b1a-9e4ed7687601",
   "metadata": {},
   "outputs": [
    {
     "data": {
      "text/latex": [
       "\\begin{equation}\n",
       "\\left[\n",
       "\\begin{array}{ccccccccccccccc}\n",
       "-0.04999999999999992 & -0.0011835975411251347 & -0.0023671950822503 & 0.0025008918425169584 & 0.011436861391542218 & -0.01674525755614478 & -0.020440692894798725 & 0.037400633475619616 & -0.016959940580820315 & -0.021126252595218442 & 0.005536259493918402 & -0.0006021747554102706 & 0.0011050478459259942 & 0.010615682503509053 & 0.06082973445273502 \\\\\n",
       "0.0011835975411250246 & -1.1102230246251565e-16 & -0.0011835975411252735 & 0.019246149398662458 & -0.019246149398662052 & -2.673618133473853e-16 & -0.003480752313978932 & 0.003480752313978862 & 2.5976994731481543e-16 & -0.005079423009590284 & -0.08195598704795348 & 0.08195598704795354 & 0.005079423009590629 & 0.0017072226013358136 & -0.0017072226013362833 \\\\\n",
       "0.0023671950822503 & 0.0011835975411253836 & 0.05000000000000003 & -0.011436861391542433 & -0.002500891842517061 & 0.0167452575561446 & -0.037400633475619276 & 0.020440692894799384 & 0.016959940580820034 & -0.0011050478459257833 & 0.0006021747554100674 & -0.005536259493918724 & 0.02112625259521834 & -0.060829734452734804 & -0.01061568250350911 \\\\\n",
       "-0.002500891842516942 & -0.019246149398662152 & 0.011436861391542433 & -0.35555555555555635 & -0.05105053337078195 & -0.02552526668539202 & -0.06277088950950875 & 0.23472368621696643 & 0.3125060464843281 & -0.04332306298748963 & 0.04887837258694122 & -0.038249519574506056 & 0.015462749028002914 & -0.004611947483688155 & -0.02017389929967875 \\\\\n",
       "-0.011436861391542218 & 0.019246149398662038 & 0.002500891842516756 & 0.05105053337078195 & 0.35555555555555635 & 0.02552526668539151 & -0.23472368621696496 & 0.06277088950950896 & -0.31250604648432917 & -0.015462749028003911 & 0.03824951957450623 & -0.04887837258693974 & 0.043323062987488746 & 0.02017389929967929 & 0.004611947483688355 \\\\\n",
       "0.01674525755614478 & 2.673618133473853e-16 & -0.0167452575561446 & 0.02552526668539202 & -0.02552526668539151 & 0.0 & 0.07778236026736192 & -0.07778236026736297 & 6.635954770302208e-16 & 0.018075620274827446 & -0.0200746965116915 & 0.020074696511692323 & -0.01807562027482793 & 0.09220143557442849 & -0.09220143557442885 \\\\\n",
       "0.020440692894798725 & 0.003480752313978932 & 0.037400633475619276 & 0.06277088950950875 & 0.23472368621696496 & -0.07778236026736192 & 0.0 & -0.4583888487627916 & -0.2291944243813956 & 0.0823778688407127 & 0.07145485986902017 & -0.0583795415349871 & 0.30070900282950486 & 0.010654898984058702 & -0.0002681099876330006 \\\\\n",
       "-0.037400633475619616 & -0.003480752313978862 & -0.020440692894799384 & -0.23472368621696643 & -0.06277088950950896 & 0.07778236026736297 & 0.4583888487627916 & 0.0 & 0.22919442438139503 & -0.3007090028295036 & 0.058379541534987166 & -0.07145485986902163 & -0.0823778688407118 & 0.00026810998763374615 & -0.010654898984059014 \\\\\n",
       "0.016959940580820315 & -2.5976994731481543e-16 & -0.016959940580820034 & -0.3125060464843281 & 0.31250604648432917 & -6.635954770302208e-16 & 0.2291944243813956 & -0.22919442438139503 & 0.0 & 0.05811143154735412 & -0.29005410384544483 & 0.2900541038454458 & -0.05811143154735475 & -0.010923008971691612 & 0.010923008971691604 \\\\\n",
       "0.021126252595218373 & 0.00507942300959044 & 0.0011050478459257833 & 0.043323062987489294 & 0.015462749028003911 & -0.018075620274827446 & -0.0823778688407127 & 0.3007090028295036 & -0.05811143154735412 & -0.27222222222222253 & -0.019007663904929403 & 0.01650043076010837 & 0.01940497878713343 & 0.004213523360313889 & 0.022870335586758585 \\\\\n",
       "-0.005536259493918286 & 0.08195598704795337 & -0.0006021747554100674 & -0.04887837258693824 & -0.03824951957450623 & 0.0200746965116915 & -0.07145485986902017 & -0.058379541534987166 & 0.29005410384544483 & 0.01900766390492624 & -0.2722222222222221 & 0.04574067117351783 & 0.016500430760107893 & 0.009702489393566806 & 0.012286907399794681 \\\\\n",
       "0.0006021747554102706 & -0.08195598704795345 & 0.0055362594939185675 & 0.038249519574506056 & 0.048878372586940076 & -0.020074696511692323 & 0.0583795415349871 & 0.07145485986902163 & -0.2900541038454458 & -0.01650043076010837 & -0.04574067117351783 & 0.27222222222222253 & -0.019007663904927505 & -0.01228690739979432 & -0.009702489393566393 \\\\\n",
       "-0.0011050478459259942 & -0.005079423009590745 & -0.021126252595218224 & -0.015462749028002914 & -0.04332306298749173 & 0.01807562027482793 & -0.30070900282950486 & 0.0823778688407118 & 0.05811143154735475 & -0.01940497878713343 & -0.016500430760107893 & 0.01900766390493067 & 0.2722222222222221 & -0.022870335586759237 & -0.004213523360313642 \\\\\n",
       "-0.010615682503509053 & -0.0017072226013358136 & 0.060829734452734804 & 0.004611947483688155 & -0.02017389929967929 & -0.09220143557442849 & -0.010654898984058702 & -0.00026810998763374615 & 0.010923008971691612 & -0.004213523360313889 & -0.009702489393566806 & 0.01228690739979432 & 0.022870335586759237 & 0.0 & 0.03801532780985657 \\\\\n",
       "-0.06082973445273502 & 0.0017072226013362833 & 0.01061568250350911 & 0.02017389929967875 & -0.004611947483688355 & 0.09220143557442885 & 0.0002681099876330006 & 0.010654898984059014 & -0.010923008971691604 & -0.022870335586758585 & -0.012286907399794681 & 0.009702489393566393 & 0.004213523360313642 & -0.03801532780985657 & 0.0 \\\\\n",
       "\\end{array}\n",
       "\\right]\n",
       "\\end{equation}\n"
      ],
      "text/plain": [
       "\"\\\\begin{equation}\\n\\\\left[\\n\\\\begin{array}{ccccccccccccccc}\\n-0.04999999999999992 & -0.0011835975411251347 & -0.0023671950822503 & 0.0025008918425169584 & 0.011436861391542218 & -0.01674525755614478 & -0.020440692894798725 & 0.037400633475619616 & -0.016959940580820315 & -0.0\" ⋯ 4653 bytes ⋯ \"611947483688355 & 0.09220143557442885 & 0.0002681099876330006 & 0.010654898984059014 & -0.010923008971691604 & -0.022870335586758585 & -0.012286907399794681 & 0.009702489393566393 & 0.004213523360313642 & -0.03801532780985657 & 0.0 \\\\\\\\\\n\\\\end{array}\\n\\\\right]\\n\\\\end{equation}\\n\""
      ]
     },
     "execution_count": 24,
     "metadata": {},
     "output_type": "execute_result"
    }
   ],
   "source": [
    "latexify(Qy)"
   ]
  },
  {
   "cell_type": "code",
   "execution_count": 25,
   "id": "d1da5161-779e-43af-9dbb-9d28cb905ad0",
   "metadata": {},
   "outputs": [
    {
     "data": {
      "text/latex": [
       "\\begin{equation}\n",
       "\\left[\n",
       "\\begin{array}{ccccccccccccccc}\n",
       "0.014698618394803228 & 0.0 & 0.0 & 0.0 & 0.0 & 0.0 & 0.0 & 0.0 & 0.0 & 0.0 & 0.0 & 0.0 & 0.0 & 0.0 & 0.0 \\\\\n",
       "0.0 & 0.014698618394803228 & 0.0 & 0.0 & 0.0 & 0.0 & 0.0 & 0.0 & 0.0 & 0.0 & 0.0 & 0.0 & 0.0 & 0.0 & 0.0 \\\\\n",
       "0.0 & 0.0 & 0.014698618394803228 & 0.0 & 0.0 & 0.0 & 0.0 & 0.0 & 0.0 & 0.0 & 0.0 & 0.0 & 0.0 & 0.0 & 0.0 \\\\\n",
       "0.0 & 0.0 & 0.0 & 0.09752600361864236 & 0.0 & 0.0 & 0.0 & 0.0 & 0.0 & 0.0 & 0.0 & 0.0 & 0.0 & 0.0 & 0.0 \\\\\n",
       "0.0 & 0.0 & 0.0 & 0.0 & 0.09752600361864236 & 0.0 & 0.0 & 0.0 & 0.0 & 0.0 & 0.0 & 0.0 & 0.0 & 0.0 & 0.0 \\\\\n",
       "0.0 & 0.0 & 0.0 & 0.0 & 0.0 & 0.09752600361864236 & 0.0 & 0.0 & 0.0 & 0.0 & 0.0 & 0.0 & 0.0 & 0.0 & 0.0 \\\\\n",
       "0.0 & 0.0 & 0.0 & 0.0 & 0.0 & 0.0 & 0.44155411568082115 & 0.0 & 0.0 & 0.0 & 0.0 & 0.0 & 0.0 & 0.0 & 0.0 \\\\\n",
       "0.0 & 0.0 & 0.0 & 0.0 & 0.0 & 0.0 & 0.0 & 0.44155411568082115 & 0.0 & 0.0 & 0.0 & 0.0 & 0.0 & 0.0 & 0.0 \\\\\n",
       "0.0 & 0.0 & 0.0 & 0.0 & 0.0 & 0.0 & 0.0 & 0.0 & 0.44155411568082115 & 0.0 & 0.0 & 0.0 & 0.0 & 0.0 & 0.0 \\\\\n",
       "0.0 & 0.0 & 0.0 & 0.0 & 0.0 & 0.0 & 0.0 & 0.0 & 0.0 & 0.056443964486199594 & 0.0 & 0.0 & 0.0 & 0.0 & 0.0 \\\\\n",
       "0.0 & 0.0 & 0.0 & 0.0 & 0.0 & 0.0 & 0.0 & 0.0 & 0.0 & 0.0 & 0.056443964486199594 & 0.0 & 0.0 & 0.0 & 0.0 \\\\\n",
       "0.0 & 0.0 & 0.0 & 0.0 & 0.0 & 0.0 & 0.0 & 0.0 & 0.0 & 0.0 & 0.0 & 0.056443964486199594 & 0.0 & 0.0 & 0.0 \\\\\n",
       "0.0 & 0.0 & 0.0 & 0.0 & 0.0 & 0.0 & 0.0 & 0.0 & 0.0 & 0.0 & 0.0 & 0.0 & 0.056443964486199594 & 0.0 & 0.0 \\\\\n",
       "0.0 & 0.0 & 0.0 & 0.0 & 0.0 & 0.0 & 0.0 & 0.0 & 0.0 & 0.0 & 0.0 & 0.0 & 0.0 & 0.056443964486199594 & 0.0 \\\\\n",
       "0.0 & 0.0 & 0.0 & 0.0 & 0.0 & 0.0 & 0.0 & 0.0 & 0.0 & 0.0 & 0.0 & 0.0 & 0.0 & 0.0 & 0.056443964486199594 \\\\\n",
       "\\end{array}\n",
       "\\right]\n",
       "\\end{equation}\n"
      ],
      "text/plain": [
