w[:] = [0.06666666666666667,0.06666666666666667,0.06666666666666667,0.06666666666666667,0.06666666666666667,0.06666666666666667,0.06666666666666667,0.06666666666666667,0.06666666666666667,0.06666666666666667,0.06666666666666667,0.06666666666666667,0.5333333333333333]

Q[:,:,1] =
  [0.0 -0.03007889289868649 -0.00471458088678762 -0.00971319299916816 0.02645733994951728 0.0912109227777377 0.12728654897745156 0.02753398878141732 -0.05469095082203626 -0.046716704599100566 -0.028267492786794433 -0.08990043378299721 -0.008406551710553269
 0.03007889289868649 0.0 -0.09832396420538395 0.020522552626294238 -0.0020765175246677163 -0.011511757310570216 -0.031363897394406794 0.08054814074988949 -0.053004781927495165 0.013224721627471576 -0.09440712250769802 -0.02494703008228925 0.17126076305016744
 0.00471458088678762 0.09832396420538395 0.0 -0.0025766585031965113 -0.024039301183160174 0.027354633458478824 0.00862514806667182 0.09329691423137207 -0.012609366856101487 0.049073213038431235 -0.08170813326482473 0.01637879358066607 -0.17683378766051028
 0.00971319299916816 -0.020522552626294238 0.0025766585031965113 0.0 0.09947101774192543 -0.029132743421836527 -0.011505605820007635 0.09343235241500882 0.025557121535973948 0.02945544085363601 -0.08116312306288952 0.05386255693661909 -0.17174431605449833
 -0.02645733994951728 0.0020765175246677163 0.024039301183160174 -0.09947101774192543 0.0 -0.0017631594255917778 -0.04876766562989274 0.08233268286404012 -0.01762853851637032 -0.010159511447001633 -0.09286839359380943 0.012042910881837253 0.1766242138504054
 -0.0912109227777377 0.011511757310570216 -0.027354633458478824 0.029132743421836527 0.0017631594255917778 0.0 0.04560199259148766 0.030234384508980125 0.08962318342406995 -0.12693676663669273 -0.02641738013205659 0.05427858089798544 0.009773901424443319
 -0.12728654897745156 0.031363897394406794 -0.00862514806667182 0.011505605820007635 0.04876766562989274 -0.04560199259148766 0.333333333333333 0.0023267874763408 0.018545233192356257 0.0010908893936429631 -0.01984638181253856 -0.19227296152532633 -0.053300379266505174
 -0.02753398878141732 -0.08054814074988949 -0.09329691423137207 -0.09343235241500882 -0.08233268286404012 -0.030234384508980125 -0.0023267874763409483 0.3333333333333332 -0.00042999336946585265 -0.018349715709371987 0.22451859544284658 -0.020693442671843084 -0.10867352599845127
 0.05469095082203626 0.053004781927495165 0.012609366856101487 -0.025557121535973948 0.01762853851637032 -0.08962318342406995 -0.018545233192356424 0.00042999336946594513 0.333333333333333 -0.1924508786250317 -0.021069717858031342 -0.057505401695217326 -0.06694542849411664
 0.046716704599100566 -0.013224721627471576 -0.049073213038431235 -0.02945544085363601 0.010159511447001633 0.12693676663669273 -0.0010908893936429631 0.018349715709371987 0.1924508786250317 -0.333333333333333 -0.0024501662219508476 -0.01849748084477918 0.05251166829604135
 0.028267492786794433 0.09440712250769802 0.08170813326482473 0.08116312306288952 0.09286839359380943 0.02641738013205659 0.01984638181253856 -0.22451859544284658 0.021069717858031342 0.002450166221950996 -0.3333333333333332 0.0005121056891854307 0.109141911846403
 0.08990043378299721 0.02494703008228925 -0.01637879358066607 -0.05386255693661909 -0.012042910881837253 -0.05427858089798544 0.19227296152532633 0.020693442671843084 0.057505401695217326 0.018497480844779347 -0.0005121056891855233 -0.333333333333333 0.06659153071717545
0.008406551710553269 -0.17126076305016744 0.17683378766051028 0.17174431605449833 -0.1766242138504054 -0.009773901424443319 0.053300379266505174 0.10867352599845127 0.06694542849411664 -0.05251166829604135 -0.109141911846403 -0.06659153071717545 0.0]

Q[:,:,2] =
  [0.0 0.09945769557002392 -0.02798979375341252 0.029234045841082662 -0.08098618274402328 0.05371078845496388 0.09377311647786743 0.02463341591846995 -0.011398434543790213 0.010184463943208186 -0.02079462962630668 0.002220617954985003 -0.17204510349306867
 -0.09945769557002392 0.0 -0.002732323048167232 -0.008873272088324696 -0.09285682629089842 0.011588020078267402 0.08205115985180472 -0.017637318361710296 -0.049465745802203094 -0.025642585118334973 0.0017158868839885445 0.024568871648360396 0.17674182781724118
 0.02798979375341252 0.002732323048167232 0.0 -0.12761611687847213 -0.02694436827549229 0.05445164478400027 0.029320461723745354 0.09082885932244467 0.0460040441785937 -0.0917255534744766 0.011419263523177256 -0.025523772379555193 0.009063420674455227
 -0.029234045841082662 0.008873272088324696 0.12761611687847213 -0.333333333333333 -0.0022758226104088093 -0.0181805014489405 0.019184592705904297 0.19161826650270444 -0.0011620379482817841 0.04629539345433685 -0.012182769375930439 -0.05001269298050602 0.05279356190874127
 0.08098618274402328 0.09285682629089842 0.02694436827549229 0.0022758226104089576 -0.3333333333333332 0.0003074448905459952 -0.22444294755373045 0.021147668700893275 0.01900558984515713 0.029488446726739302 0.09425229973217895 0.08174576522455214 0.10876586584617379
 -0.05371078845496388 -0.011588020078267402 -0.05445164478400027 0.018180501448940668 -0.0003074448905460877 -0.333333333333333 0.021109124123724142 0.05784047171850411 0.19163645702005275 0.0906782038653636 0.024322294580734573 -0.01698694926924579 0.06661112805303664
 -0.09377311647786743 -0.08205115985180472 -0.029320461723745354 -0.019184592705904297 0.22444294755373045 -0.021109124123724142 0.333333333333333 -0.00032275379682126143 -0.0024385490311405206 -0.026712450807758727 -0.08074632214495264 -0.09338901789224885 -0.10872873233109578
 -0.02463341591846995 0.017637318361710296 -0.09082885932244467 -0.19161826650270444 -0.021147668700893275 -0.05784047171850411 0.00032275379682111344 0.3333333333333332 -0.01812239941992001 0.05443910178240967 0.053106129179647646 0.011859742751334985 -0.06650729762232051
 0.011398434543790213 0.049465745802203094 -0.0460040441785937 0.0011620379482817841 -0.01900558984515713 -0.19163645702005275 0.002438549031140354 0.0181223994199201 0.333333333333333 -0.12795287663484808 0.029628558927050797 -0.008206365591274562 -0.05274372573579205
 -0.010184463943208186 0.025642585118334973 0.0917255534744766 -0.04629539345433685 -0.029488446726739302 -0.0906782038653636 0.026712450807758727 -0.05443910178240967 0.12795287663484808 0.0 -0.0278652819519132 -0.003801886993747094 -0.009280687317702247
 0.02079462962630668 -0.0017158868839885445 -0.011419263523177256 0.012182769375930439 -0.09425229973217895 -0.024322294580734573 0.08074632214495264 -0.053106129179647646 -0.029628558927050797 0.0278652819519132 0.0 -0.09897695804583934 0.17183238777351553
 -0.002220617954985003 -0.024568871648360396 0.025523772379555193 0.05001269298050602 -0.08174576522455214 0.01698694926924579 0.09338901789224885 -0.011859742751334985 0.008206365591274562 0.003801886993747094 0.09897695804583934 0.0 -0.17650264557318457
0.17204510349306867 -0.17674182781724118 -0.009063420674455227 -0.05279356190874127 -0.10876586584617379 -0.06661112805303664 0.10872873233109578 0.06650729762232051 0.05274372573579205 0.009280687317702247 -0.17183238777351553 0.17650264557318457 0.0]

Q[:,:,3] =
  [-0.333333333333333 -0.0025714337346433927 -0.018262198949869805 0.046561382930315365 -0.013213643182839917 -0.04913808033176981 0.19149201791353407 -0.0009151798189641416 0.01834156470674049 -0.029357683193851236 0.009992667704988484 0.12781265841210215 0.0525912608775906
 0.002571433734643541 -0.3333333333333332 0.000165762435258685 0.02912990865862393 0.09451412705913842 0.08112394614109349 0.021563911706339516 0.01934315404518621 -0.22456536822392242 0.0817349338772666 0.0927586629656442 0.025946206027550857 0.1090466549065079
 0.01826219894986997 -0.00016576243525877752 -0.333333333333333 0.09074479641569867 0.02553026073025068 -0.017648218907730606 0.05757182010538893 0.19148738882913877 0.021340968619259337 -0.05316208479468067 -0.01295480858730781 -0.05401544245276423 0.066342216861468
 -0.046561382930315365 -0.02912990865862393 -0.09074479641569867 0.0 0.0009544133536160131 -0.03295174044253598 -0.0547580290591753 0.1279840326763858 0.02688552242360251 0.018742613098422463 -0.0036322382670191645 0.09214206070755243 -0.008930546486210384
 0.013213643182839917 -0.09451412705913842 -0.02553026073025068 -0.0009544133536160131 0.0 0.02361543391370107 -0.05336594208374654 -0.029953951494943225 0.08016468371033883 -0.10123934478747255 -0.0017199218582280018 0.01919032679301886 0.1710938737674956
 0.04913808033176981 -0.08112394614109349 0.017648218907730606 0.03295174044253598 -0.02361543391370107 0.0 -0.01067471196090961 0.008414311662797205 0.09341435546498744 -0.0022829680062619287 0.09770130153634297 -0.006107329768658836 -0.17546361855553913
 -0.19149201791353407 -0.021563911706339516 -0.05757182010538893 0.0547580290591753 0.05336594208374654 0.01067471196090961 0.333333333333333 -0.0182423651800283 0.00013591257254322048 -0.023216613839019525 0.017743523800730337 -0.09110516044900047 -0.06681956361712679
 0.0009151798189641416 -0.01934315404518621 -0.19148738882913877 -0.1279840326763858 0.029953951494943225 -0.008414311662797205 0.018242365180028156 0.3333333333333332 0.0024594594268115243 0.011456524275754047 0.04954104825518957 -0.045832216222183655 -0.052840758349331926
 -0.01834156470674049 0.22456536822392242 -0.021340968619259337 -0.02688552242360251 -0.08016468371033883 -0.09341435546498744 -0.00013591257254338702 -0.0024594594268114315 0.333333333333333 -0.09350265698859905 -0.08269932148848505 -0.030222000673252977 -0.10873225548263277
 0.029357683193851236 -0.0817349338772666 0.05316208479468067 -0.018742613098422463 0.10123934478747255 0.0022829680062619287 0.023216613839019525 -0.011456524275754047 0.09350265698859905 0.0 -0.02222614843514481 0.004542949823339169 -0.17314408174663914
 -0.009992667704988484 -0.0927586629656442 0.01295480858730781 0.0036322382670191645 0.0017199218582280018 -0.09770130153634297 -0.017743523800730337 -0.04954104825518957 0.08269932148848505 0.02222614843514481 0.0 -0.03255717988291776 0.17706194550963225
 -0.12781265841210215 -0.025946206027550857 0.05401544245276423 -0.09214206070755243 -0.01919032679301886 0.006107329768658836 0.09110516044900047 0.045832216222183655 0.030222000673252977 -0.004542949823339169 0.03255717988291776 0.0 0.009794872314784833
 -0.0525912608775906 -0.1090466549065079 -0.066342216861468 0.008930546486210384 -0.1710938737674956 0.17546361855553913 0.06681956361712679 0.052840758349331926 0.10873225548263277 0.17314408174663914 -0.17706194550963225 -0.009794872314784833 0.0]
