
function getTetDiagEp1{T}(w::Array{T,1}, Q::Array{T,3})
  
w[:] = [0.06666666666666667,0.06666666666666667,0.06666666666666667,0.06666666666666667,0.06666666666666667,0.06666666666666667,0.06666666666666667,0.06666666666666667,0.06666666666666667,0.06666666666666667,0.06666666666666667,0.06666666666666667,0.5333333333333333]

Q[:,:,1] = [0.0 -0.027859603280196012 -0.00315238451627692 -0.010678562106577055 0.0255787340773845 0.09182431447126899 0.12765919613238083 0.026646342980922093 -0.05442156245530624 -0.046179785239475454 -0.02953084253587811 -0.09052407127637721 -0.009361776251869493
 0.027859603280196012 0.0 -0.09923298751591032 0.02068205872851945 -0.00201397697644696 -0.010678561729660004 -0.029402155486206873 0.0810328835717816 -0.05350936629254047 0.011750506825063116 -0.09392519554444108 -0.0244405675717512 0.1718777587113947
 0.00315238451627692 0.09923298751591032 0.0 -0.0020139776394905457 -0.02471001224566398 0.025578733405009105 0.008619347015363456 0.09320407016514283 -0.011795841595161175 0.04977200650247485 -0.08175400910687076 0.01727295727657163 -0.17655864580956415
 0.010678562106577055 -0.02068205872851945 0.0020139776394905457 0.0 0.09923298723208995 -0.02785960365658434 -0.011750507654090973 0.09392519547464198 0.02444056754122818 0.02940215637645332 -0.08103288346106303 0.053509366661263595 -0.1718777595314849
 -0.0255787340773845 0.00201397697644696 0.02471001224566398 -0.09923298723208995 0.0 -0.003152385418793227 -0.049772006729008986 0.08175400914571782 -0.017272957996983147 -0.008619346048043316 -0.09320407001526694 0.011795842077370874 0.17655864707237223
 -0.09182431447126899 0.010678561729660004 -0.025578733405009105 0.02785960365658434 0.003152385418793227 0.0 0.04617978513263753 0.029530841908855764 0.09052407151875352 -0.1276591960153707 -0.026646343409448624 0.05442156324934618 0.00936177468646589
 -0.12765919613238083 0.029402155486206873 -0.008619347015363456 0.011750507654090973 0.049772006729008986 -0.04617978513263753 0.3333333333333333 0.0023960070051104706 0.018282322910396612 0.001056389420536985 -0.019052551380126653 -0.1917755043653227 -0.052706338512853904
 -0.026646342980922093 -0.0810328835717816 -0.09320407016514283 -0.09392519547464198 -0.08175400914571782 -0.029530841908855764 -0.0023960070051104706 0.3333333333333333 -0.00024289520314346507 -0.01905255168743153 0.2244865131990439 -0.021226188750521235 -0.10880886063910947
 0.05442156245530624 0.05350936629254047 0.011795841595161175 -0.02444056754122818 0.017272957996983147 -0.09052407151875352 -0.018282322910396612 0.00024289520314346507 0.3333333333333333 -0.19177550473609722 -0.0212261887833507 -0.05757829960176251 -0.06674900178487418
 0.046179785239475454 -0.011750506825063116 -0.04977200650247485 -0.02940215637645332 0.008619346048043316 0.1276591960153707 -0.001056389420536985 0.01905255168743153 0.19177550473609722 -0.3333333333333333 -0.00239600677449417 -0.01828232380912939 0.052706339315062065
 0.02953084253587811 0.09392519554444108 0.08175400910687076 0.08103288346106303 0.09320407001526694 0.026646343409448624 0.019052551380126653 -0.2244865131990439 0.0212261887833507 0.00239600677449417 -0.3333333333333333 0.00024289495081833336 0.10880886057062072
 0.09052407127637721 0.0244405675717512 -0.01727295727657163 -0.053509366661263595 -0.011795842077370874 -0.05442156324934618 0.1917755043653227 0.021226188750521235 0.05757829960176251 0.01828232380912939 -0.00024289495081833336 -0.3333333333333333 0.06674900217384137
 0.009361776251869493 -0.1718777587113947 0.17655864580956415 0.1718777595314849 -0.17655864707237223 -0.00936177468646589 0.052706338512853904 0.10880886063910947 0.06674900178487418 -0.052706339315062065 -0.10880886057062072 -0.06674900217384137 0.0]

Q[:,:,2] = [0.0 0.09923298628142535 -0.027859606240207 0.029402158915457867 -0.08103288348137477 0.053509364397064066 0.09392519546253501 0.02444056867809296 -0.011750510641948975 0.010678565973188423 -0.020682058585926786 0.0020139775290780757 -0.17187775828738433
 -0.09923298628142535 0.0 -0.0031523893949388414 -0.008619345727933568 -0.0932040692232719 0.011795844235079738 0.08175401030138836 -0.017272955255474738 -0.049772007754882386 -0.025578736176374336 0.0020139771828933503 0.024710011270606173 0.17655864682433295
 0.027859606240207 0.0031523893949388414 0.0 -0.12765919720542568 -0.026646344298204516 0.05442156295590316 0.029530841029955242 0.09052407131304344 0.04617978632572091 -0.09182431317224304 0.010678558690504792 -0.02557873588840545 0.009361774614005221
 -0.029402158915457867 0.008619345727933568 0.12765919720542568 -0.3333333333333333 -0.002396005461809338 -0.018282324254315616 0.019052553398855067 0.19177550351425932 -0.0010563886715377405 0.046179784417273204 -0.01175050736681274 -0.049772005347764006 0.05270633908728413
 0.08103288348137477 0.0932040692232719 0.026646344298204516 0.002396005461809338 -0.3333333333333333 0.00024289516627796007 -0.22448651389480784 0.02122618960337236 0.01905255187435535 0.029530841957059795 0.09392519663444383 0.08175400950842712 0.10880886001954385
 -0.053509364397064066 -0.011795844235079738 -0.05442156295590316 0.018282324254315616 -0.00024289516627796007 -0.3333333333333333 0.021226189703524093 0.057578299028183164 0.19177550416903572 0.09052407175130288 0.02444057015129307 -0.017272960271870908 0.06674900130187462
 -0.09392519546253501 -0.08175401030138836 -0.029530841029955242 -0.019052553398855067 0.22448651389480784 -0.021226189703524093 0.3333333333333333 -0.00024289458813475055 -0.002396005052078121 -0.026646344104486866 -0.08103288229117539 -0.09320407086878461 -0.1088088604272237
 -0.02444056867809296 0.017272955255474738 -0.09052407131304344 -0.19177550351425932 -0.02122618960337236 -0.057578299028183164 0.00024289458813475055 0.3333333333333333 -0.01828232424560644 0.054421561952177885 0.053509369163459886 0.011795843631628571 -0.06674900154165156
 0.011750510641948975 0.049772007754882386 -0.04617978632572091 0.0010563886715377405 -0.01905255187435535 -0.19177550416903572 0.002396005052078121 0.01828232424560644 0.3333333333333333 -0.12765919546231125 0.029402154674761746 -0.008619348473028771 -0.0527063380696957
 -0.010678565973188423 0.025578736176374336 0.09182431317224304 -0.046179784417273204 -0.029530841957059795 -0.09052407175130288 0.026646344104486866 -0.054421561952177885 0.12765919546231125 0.0 -0.027859605761909018 -0.003152381587311584 -0.00936177551519453
 0.020682058585926786 -0.0020139771828933503 -0.010678558690504792 0.01175050736681274 -0.09392519663444383 -0.02444057015129307 0.08103288229117539 -0.053509369163459886 -0.029402154674761746 0.027859605761909018 0.0 -0.09923298731839877 0.17187775980993283
 -0.0020139775290780757 -0.024710011270606173 0.02557873588840545 0.049772005347764006 -0.08175400950842712 0.017272960271870908 0.09320407086878461 -0.011795843631628571 0.008619348473028771 0.003152381587311584 0.09923298731839877 0.0 -0.17655864781582414
 0.17187775828738433 -0.17655864682433295 -0.009361774614005221 -0.05270633908728413 -0.10880886001954385 -0.06674900130187462 0.1088088604272237 0.06674900154165156 0.0527063380696957 0.00936177551519453 -0.17187775980993283 0.17655864781582414 0.0]

Q[:,:,3] = [-0.3333333333333333 -0.0023960065132525143 -0.018282323858442476 0.046179786101944925 -0.011750508362084225 -0.04977200756271982 0.1917755035335827 -0.001056389507162983 0.01905255191451265 -0.02940215551768413 0.008619346924765736 0.12765919659458216 0.05270633958529111
 0.0023960065132525143 -0.3333333333333333 0.0002428951504473754 0.029530842251157013 0.09392519588969597 0.08175400848757466 0.021226188778627836 0.019052551695483807 -0.22448651329622493 0.08103288418854396 0.09320406977270464 0.02664634352070084 0.10880886038136722
 0.018282323858442476 -0.0002428951504473754 -0.3333333333333333 0.09052407289449507 0.024440567224772808 -0.01727295905550726 0.05757829989630955 0.19177550348260855 0.021226188679013106 -0.053509364762211256 -0.01179584165194135 -0.05442156366375814 0.06674900158155617
 -0.046179786101944925 -0.029530842251157013 -0.09052407289449507 0.0 0.0026226533490697162 -0.03363463907330065 -0.05442156238718972 0.12765919718941487 0.026646343647069318 0.01980369105061284 -0.0049035222412337695 0.09182431595463827 -0.009361776241483549
 0.011750508362084225 -0.09392519588969597 -0.024440567224772808 -0.0026226533490697162 0.0 0.02269603678008253 -0.05350936516147365 -0.0294021560502704 0.08103288323308445 -0.10124696483866978 -0.0020139766778983353 0.019803691368352496 0.17187775944824568
 0.04977200756271982 -0.08175400848757466 0.01727295905550726 0.03363463907330065 -0.02269603678008253 0.0 -0.011795841093767153 0.008619346301965891 0.09320407037299835 -0.0020139766297375375 0.097219011494433 -0.004903524671503455 -0.1765586461982595
 -0.1917755035335827 -0.021226188778627836 -0.05757829989630955 0.05442156238718972 0.05350936516147365 0.011795841093767153 0.3333333333333333 -0.01828232273843647 0.00024289529118900078 -0.02444056694587122 0.017272959087774823 -0.09052407341034849 -0.0667490010515509
 0.001056389507162983 -0.019052551695483807 -0.19177550348260855 -0.12765919718941487 0.0294021560502704 -0.008619346301965891 0.01828232273843647 0.3333333333333333 0.002396006537897115 0.011750507593931966 0.049772006235275626 -0.04617978500579673 -0.052706338321037695
 -0.01905255191451265 0.22448651329622493 -0.021226188679013106 -0.026646343647069318 -0.08103288323308445 -0.09320407037299835 -0.00024289529118900078 -0.002396006537897115 0.3333333333333333 -0.09392519535256244 -0.08175400952151868 -0.029530841838475853 -0.10880886024123505
 0.02940215551768413 -0.08103288418854396 0.053509364762211256 -0.01980369105061284 0.10124696483866978 0.0020139766297375375 0.02444056694587122 -0.011750507593931966 0.09392519535256244 0.0 -0.02269603579677536 0.00262265429422571 -0.1718777597111006
 -0.008619346924765736 -0.09320406977270464 0.01179584165194135 0.0049035222412337695 0.0020139766778983353 -0.097219011494433 -0.017272959087774823 -0.049772006235275626 0.08175400952151868 0.02269603579677536 0.0 -0.033634639340188864 0.17655864696577883
 -0.12765919659458216 -0.02664634352070084 0.05442156366375814 -0.09182431595463827 -0.019803691368352496 0.004903524671503455 0.09052407341034849 0.04617978500579673 0.029530841838475853 -0.00262265429422571 0.033634639340188864 0.0 0.009361773802427281
 -0.05270633958529111 -0.10880886038136722 -0.06674900158155617 0.009361776241483549 -0.17187775944824568 0.1765586461982595 0.0667490010515509 0.052706338321037695 0.10880886024123505 0.1718777597111006 -0.17655864696577883 -0.009361773802427281 0.0]

return w, Q
end

