
function getTetDiagEp4{T}(w::Array{T,1}, Q::Array{T,3})

w[:] = [0.011702201915075788,0.011702201915075788,0.011702201915075788,0.011702201915075788,0.007003762166809546,0.007003762166809546,0.007003762166809546,0.007003762166809546,0.02826881609586945,0.02826881609586945,0.02826881609586945,0.02826881609586945,0.02826881609586945,0.02826881609586945,0.005737494407876313,0.005737494407876313,0.005737494407876313,0.005737494407876313,0.005737494407876313,0.005737494407876313,0.005737494407876313,0.005737494407876313,0.005737494407876313,0.005737494407876313,0.005737494407876313,0.005737494407876313,0.009215129850744767,0.009215129850744767,0.009215129850744767,0.009215129850744767,0.009215129850744767,0.009215129850744767,0.009215129850744767,0.009215129850744767,0.009215129850744767,0.009215129850744767,0.009215129850744767,0.009215129850744767,0.001683701003412158,0.001683701003412158,0.001683701003412158,0.001683701003412158,0.001683701003412158,0.001683701003412158,0.001683701003412158,0.001683701003412158,0.001683701003412158,0.001683701003412158,0.001683701003412158,0.001683701003412158,0.019901864184903844,0.019901864184903844,0.019901864184903844,0.019901864184903844,0.019901864184903844,0.019901864184903844,0.019901864184903844,0.019901864184903844,0.019901864184903844,0.019901864184903844,0.019901864184903844,0.019901864184903844,0.0455776334197571,0.0455776334197571,0.0455776334197571,0.0455776334197571,0.0455776334197571,0.0455776334197571,0.0455776334197571,0.0455776334197571,0.0455776334197571,0.0455776334197571,0.0455776334197571,0.0455776334197571,0.0008896293665706435,0.0008896293665706435,0.0008896293665706435,0.0008896293665706435,0.0008896293665706435,0.0008896293665706435,0.0008896293665706435,0.0008896293665706435,0.0008896293665706435,0.0008896293665706435,0.0008896293665706435,0.0008896293665706435,0.0008896293665706435,0.0008896293665706435,0.0008896293665706435,0.0008896293665706435,0.0008896293665706435,0.0008896293665706435,0.0008896293665706435,0.0008896293665706435,0.0008896293665706435,0.0008896293665706435,0.0008896293665706435,0.0008896293665706435,0.08215560123254996]

Q[:,:,1] = [0.0 0.00035782079369838134 0.004420500803913006 -0.004372288106056108 0.0001309496381886382 -0.0003843213985375659 0.0015338697988348763 -0.0004643624776262086 0.0006555996614559092 -0.008079585825435893 0.0012642334413902278 0.00798843706573061 -0.0008616244135318843 -0.00031897228679533503 4.848814539587366e-5 -0.004893593534200265 0.004709455280178996 -0.0015148445923918617 0.001340354542309094 -0.00014291873543340744 -0.0008256246831879293 -0.003498915103585039 0.0036875880628242036 -0.0037325231641075814 0.0033923293397967124 0.0009178919652106838 5.9177934214642385e-6 0.008192158039857867 -0.007986668874795213 -0.001393613839605116 0.001172652504184545 -0.00043418899475767013 0.0031035379991907358 0.0009583850388128613 -0.0008595054360328021 0.0008559225607502584 -0.0009226715356327778 -0.0031580294305556347 0.0001668122795695163 -0.0008562291619882507 0.00045571211676656304 -0.0009170768577900532 0.0008758326717422906 -1.9290138505336134e-5 0.0011750661019587344 0.001244384846002969 -0.0004332007139071551 0.00036310364050604256 -0.0013243171177202244 -0.0011410336341693937 0.00012717191814558032 0.0028114242032468424 -0.0028144675680289687 0.006593967139862193 -0.006590335042006871 8.942214913985671e-6 -0.003345498521722669 0.002027757609491215 -0.0012549633499134944 0.0010883542060769478 -0.0026859947687075734 0.0035083286699009925 -7.630061710406591e-5 -0.011709812827167215 0.01152761218656348 0.0016594562255334176 -0.0017444661619833552 -0.0001847966989478208 -0.007301296332154176 -0.005248111319857301 -0.009367469029671812 0.009592716938513381 0.0049464720572256335 0.00750606187042244 0.0004678140172837854 -0.0008007277401255667 0.0013890589652563179 0.0014715563119440881 -0.0012075557223770387 -0.0011925558138415164 -0.0008662760695722016 0.0003163573470272539 -0.00046349751085443915 0.001077044453020118 -0.0004863602884328471 0.0008955709127347763 -0.0021926312358662905 0.0007585659280082199 0.000936390199173963 -0.004297513834102374 -0.000296705272071833 -0.0018179180380830816 0.0016315519938194167 0.00033145419498211283 0.004070482063310382 -0.0008289838298441636 -0.0007781279652892016 0.00234387459796248 -1.7224742035452425e-5
 -0.00035782079369838134 0.0 0.004389116600631768 -0.004405285972218697 0.00019460815993407394 -0.00045600797042216615 0.0009698274749865714 -0.001048944126570297 -0.00015766266292148952 0.0007453119274777057 -0.007687706813959314 -0.0009584390638749914 0.007955724982597008 -9.851820015594379e-5 6.909330013088083e-5 0.0017307445432298537 -0.0011139094388312929 0.0045887807492996265 -0.005012351782245322 5.956744515351001e-5 0.0037564254970378214 -0.003434567862430866 -0.0008979998573045546 0.0008452863940153783 0.003456062717536364 -0.0036629690705590997 -0.00010290822707896015 0.0013350127188042592 -0.000982609122875862 -0.008228936687053597 0.008194437828975285 0.00033111275615706524 -0.000866826494050734 0.0009435788491788526 0.003147322677826175 -0.0031124560383953698 -0.0009369099620547552 0.0008497409529854859 0.00014766460101159584 0.000775316507929034 -0.0008810310909725189 0.0006779984307385336 -0.0005059850194152975 -5.1371038992441986e-5 -0.00035970403978314436 0.0013055841802087774 0.0011412144100778386 -0.00117482077291731 -0.0012629823043602243 0.00043736016376106534 0.00011850860455103183 -0.006856374298169605 0.007044289260086174 -0.003191313003271467 0.00314808174208074 -4.532104765856184e-5 -0.0009234828706080749 0.0023057081585221868 -0.0036097771047325223 0.003447194197163798 -0.0024184295735881515 0.0012265273991862984 -5.5489244910643384e-5 -0.0019063872854240744 0.0020422126957735497 0.01140245336046931 -0.011277572504228428 -0.0001468173301207321 -0.009531134012811273 -0.005200950776209071 -0.007292831576222125 0.007399445907588639 0.004985394897193562 0.009551989788630236 0.00042476065457186486 -0.0008555581602742298 0.0007761340888802847 -0.0005322299238500551 0.0004746967862244464 -0.0013496510357409175 -0.0009789084391758824 -0.0015547345843634466 0.0013495289308562526 0.0014256985079347329 -0.0006028286207399492 0.0007700177213829493 -0.0016218715431596884 -0.0003269971484709856 -0.00409128708703771 0.0008012245701813316 0.0007830872575482719 -0.0023414129279335453 0.002192782734840254 -0.0007548007954168763 -0.0009654119446733211 0.004276293512245424 0.0003002104536128946 0.0018282751514994912 6.888700122582064e-5
 -0.004420500803913006 -0.004389116600631768 0.14431560767778717 -0.006465000212319871 0.00483584217140118 0.004973455726833556 0.0009497596033232023 0.0022569474108981857 0.0033090174927720463 0.002342871403685828 0.002228727731735451 -0.012401999115269928 -0.012472410961654596 -0.021870889312743055 0.004770819074842266 -0.004078734816902326 0.0018204945857204166 0.001808831514291952 -0.004094033452941452 0.0047622132066353785 -0.003832607543857104 0.00033656878301334024 -0.003826936337142224 0.004894740144404499 -0.011259983937814844 0.004872926007024559 -0.002576434382679272 0.002696104056926597 -0.00399768020892176 -0.003932683563671372 0.002680053383309229 -0.002601301526326911 -0.0067529279639136 -0.012435517737749742 -0.006750444549573385 -0.003582578839771932 0.0012611678798305906 -0.0035846415545415997 -0.0014925402956196697 -0.0021652565116133046 -0.0018696257661631106 -0.0019044529797165991 -0.002168392258779293 -0.0014564686637691473 -2.226950366505053e-5 -0.0010691143304445982 -1.799565707453262e-5 -0.005128712086303105 0.0011973338145219586 -0.005149527132067095 -0.00489918797592398 -0.0017452917375500945 0.0007148834414597006 0.00064937180528336 -0.001722301945769861 -0.004934415151358151 0.00833094514693792 0.002157642594545548 0.008432295079959165 -0.0008055499752815428 0.0015548123354209905 -0.0008692554358075493 0.0036929015892353608 0.0016453447388407173 0.007995910809822992 0.008048078206241944 0.0016613796889151245 0.0036396605525739595 -0.057910742275696404 -0.04184706549930251 -0.057851224540899554 0.013142452304951036 0.011398336964576514 0.013101833454226865 -0.0016442874624547229 0.00463526412902125 0.0022691318091581565 0.0042639603189475956 0.004377200666621303 -0.0011244350241103593 -0.0011310649454377363 0.00434596775385913 0.004324193285156628 0.002248654015426289 0.004647802312020649 -0.0017405520457067169 0.0012565093925909997 0.0021138325733302448 0.0013902634771945687 0.001359830035015011 0.002117098368672874 0.0012430859005709155 -0.003914532919114834 0.008250053979912771 0.0036119137134059094 0.0035656878186257216 0.008241397037601324 -0.003961928869496384 -0.0028685625576144514
 0.004372288106056108 0.004405285972218697 0.006465000212319871 -0.14431560767778717 -0.00497442121277997 -0.004841757594648876 -0.002263483345979903 -0.0009553000410890143 -0.003318364105238564 0.012470196116516197 0.012403188893047368 -0.0022325809789903294 -0.0023422245226286387 0.02186239652074522 -0.004757561854945306 -0.0018075719839244588 0.004098112130032612 0.004081489873328687 -0.0018161059964259684 -0.004765038344768978 -0.004894100235138916 0.011261042084593945 -0.004872551357948315 0.0038328328623703886 -0.0003355116688593006 0.0038274975351735596 0.0026117710777806826 0.003941282173747209 -0.002669325698672505 -0.0026905391325855203 0.004007320464148677 0.002584231771190956 0.003582509635814913 -0.001260520649017233 0.0035847879725502078 0.006752987942098309 0.012435998613181409 0.006750376388142686 0.0014594159369257771 0.0019088776525069693 0.00216869307301617 0.0021697403219463206 0.0018708227335217798 0.0014933612458624297 0.0051293552159905635 -0.0011963117454619602 0.005149992026723655 2.264238694383875e-5 0.0010695680621163562 1.854151063331315e-5 0.004934653625503509 -0.0006476102952143066 0.0017306095036760615 0.0017487141661364203 -0.0007030653906917643 0.0048983751583325675 0.0008064688722098227 -0.0015613315093033612 0.0008684616236507635 -0.008330772205891122 -0.0021642996963997635 -0.008430279850130817 -0.0036461191304543567 -0.00804663435601614 -0.001651372759196436 -0.0016443249411365476 -0.007984259789557207 -0.003702688673613931 -0.013137453620457644 -0.011407922507541246 -0.013098092116716333 0.057916306936136745 0.04183500349898904 0.05785623369335492 -0.004651858022933421 0.0017365578984556006 0.0011363657948616165 -0.004355855236355084 -0.004330228358027994 -0.0022582724419520864 -0.0022643669633081493 -0.004273811836129196 -0.004382081606744631 0.0011143870609408694 0.0016408642906663947 -0.004637673321704512 0.003914216131903481 -0.008249835622619479 -0.00361007753137085 -0.00356414900840207 -0.008241146501002583 0.003961299540804011 -0.0012569464511528817 -0.002113724736450877 -0.001388879681729442 -0.0013585124647626447 -0.0021169542331178283 -0.001243375147849046 0.00287272984795774
 -0.0001309496381886382 -0.00019460815993407394 -0.00483584217140118 0.00497442121277997 0.0 0.0002939082692191866 -0.0011061407074679048 0.0016170994703943802 -0.00011205249654998618 0.0006107830956820288 -0.0012089905339766052 -0.00027068165031875267 0.0015031601959021317 -9.883471435740721e-5 -0.00014918985730228164 0.00011342205396322707 0.00046578599072771983 0.0010290037201031543 -0.0005920031361534736 0.00024387954187416366 0.0015724996836964532 0.0042027793324610095 0.013565637420000535 -0.013737784335009572 -0.004495596769553198 -0.0017244397050517402 0.0001684745227279385 7.26717608950479e-5 -7.295913696613685e-5 0.0016911275084945444 -0.0023092603611187127 0.00021452146544949618 -0.008656552113538458 -0.003666020712228375 0.0014971393769416894 -0.001195905545134404 0.0034692637481915016 0.008803919695378144 0.0001076478883889488 0.001984213969781872 -0.0014022260977577773 0.0005608346879638945 -0.0013526119391802224 0.00015439135552893966 0.0004969719167500517 -0.0003967649853167882 0.009540701535246207 -0.009734930453053956 0.00046751717278919005 -0.0007146779175170988 0.0003120778085488253 0.0010915379980923016 -0.0013137442678577177 0.0003203656929698502 -0.0007666193565709132 3.6810003293619556e-5 4.625279671313538e-5 2.835138711400711e-5 -0.008466263067642716 0.008203597407831869 -0.0002654851838507519 -0.0006859152156470404 0.00054188647180565 -8.82022916679925e-5 -0.0005208754754424481 -0.0011149289827227522 0.0011698373771167141 0.00011751308349563658 -0.0002294084939170549 -0.00017026823119299867 0.005742868085167324 -0.005563903374348739 0.00033388675830719897 -6.341345002194789e-5 0.00011996478702510591 -6.5572390005725e-5 -0.00027276466886082956 0.000789527690187574 -0.0006690463634322267 -0.0009578259104679924 0.0004675575348598162 0.0003219175272998349 -5.0789510702023874e-5 0.0004138130647506935 0.0033974172113445658 -0.0030736408968478415 -0.00048173068609591574 -0.0003214752889649334 0.0005153624718836304 -0.0008284979590661159 0.0007126075284177204 0.005446730133030607 -0.0057198943382769825 -0.0005121487257604629 0.00042622366204922636 -0.00044691670498348045 0.0003409631289585446 0.0005792766428747891 -8.976887304453942e-5
 0.0003843213985375659 0.00045600797042216615 -0.004973455726833556 0.004841757594648876 -0.0002939082692191866 0.0 -0.0010446783345917495 0.0013688552515905394 0.00022549056206631052 -0.0014286402562298458 0.00037889112141283087 0.0013074082613833686 -0.0005112859698599517 0.00019223641010041324 -0.00027131131603516905 -0.0009852550231896707 0.0006334275021601339 -0.00022866631767501808 -0.0007321636206624713 1.8438963255548705e-6 0.013723325529956632 0.0044497682480449 0.0017103374135538927 -0.0015870690788080911 -0.0042478795473293775 -0.013580501463692354 -0.0005983985813502097 -0.0018061537275587596 0.0021298375964226924 -6.351987476814148e-5 -9.45491683645717e-5 2.9755811416503272e-5 0.0012057774364663675 -0.0034847967251567732 -0.00879379284628865 0.008662994117881313 0.0036478706555324427 -0.0014916083526165982 -0.0001545464019752471 -0.0009276840375538385 0.0011331214218695436 -0.0018946638265363157 0.0015101710228539915 -9.893914242593144e-5 0.009725065383018362 -0.0004863164775785482 0.0007056688588349926 -0.0005072506638943682 0.0003772623889287494 -0.009551576407488261 -1.5825804204408367e-5 -0.00028717695645350623 0.00042765856020871484 -0.0010465872030922681 0.0009454386274763731 -0.0002951986729566611 -0.008255987585427785 0.00034824383346283687 0.0007033271139639201 -3.363690960662114e-5 -0.00010271977970109289 0.00854285819180476 -0.00010424375034141335 0.0013730622504254575 -0.0015035017492616455 0.00016838048926552326 0.0002085694978397862 -0.0005344963911005533 0.005426188020631022 -0.00017363610992405815 2.640304142482422e-5 0.0001540975171073133 0.00022217435450332763 -0.005726799774635785 -0.0033506194182343443 0.003065635738782038 6.386810489121145e-5 -8.70370346235714e-5 0.00013090749072368558 0.000882103716336759 -0.0009925299010264319 -0.0005739049714039268 0.0006727216797672933 0.0005457122253075833 -7.011100916855993e-5 7.606470653198215e-5 0.005735016241211317 0.0005143880972429897 -0.0004862502643998022 0.00039124565464080134 -0.0003392994418707256 -0.0005597481035700683 0.0005037128827830898 0.00032758466528062737 -0.000567832127826479 0.0007711405575219817 -0.0007050309433775858 -0.005428295723131375 5.138167045867504e-5
 -0.0015338697988348763 -0.0009698274749865714 -0.0009497596033232023 0.002263483345979903 0.0011061407074679048 0.0010446783345917495 0.0 0.0032302573179771666 -0.001220402017886097 -0.0009196947899099883 -0.0011092766437107784 0.000996518037415766 0.000766336194688628 -0.0008228835342829568 0.00013604135969086102 0.0033909984934936952 0.0015785595007689606 0.0013153104272200025 0.0025259319469590658 -0.00010330711440989136 0.0008202217283049191 0.0007828925876317433 0.000838698123956826 -0.00047801719935182613 -0.007977755335805737 -0.0005062801326297307 -0.0031130520991065197 0.0018790416774845668 -0.0011665869313331476 -0.0006903522609979032 0.00147128786063872 -0.0026903284996170097 -0.0009425453895836733 0.0012498510293445638 -0.0009821995265800391 0.002498912862449307 0.00010584888188182505 0.0024490985767331745 0.00047935939471196716 -0.0028687472167110294 0.0022237221707442443 0.0018220200917714324 -0.001722834682863396 0.00043283384343973725 -0.0012317110650049245 -0.006030410439091595 -0.0012565563526990761 0.0003408522682157533 -0.013015945004784299 0.0002959194242551088 0.001828776448916326 0.00031247432708471064 0.003970103898171779 0.003976097930140047 -0.00017354916654720344 0.0016450710262538239 -0.0015314872366075489 -0.0036149141786584586 -0.002092439082359984 0.001970679197898911 0.010286606498457442 0.0012948333834042623 -0.00183430630947814 0.00863150664767789 -0.004480114824576056 -0.00406549410279361 0.008072214307706544 -0.0018562982941539206 -0.0005469856192084397 -0.00010063262433971233 -0.0009513533633865913 -0.0012430095206862743 0.0012852145450011824 -0.001917847218527832 5.060134473421286e-5 0.0001031195145166639 0.0033670436055204945 -4.9947959297395705e-5 -0.0009786822775265424 0.0003581790400028673 -0.0005090759852149448 -0.0005499685314447155 -0.0004835178966477756 0.0032785104155542842 8.266530506283263e-7 0.0002243644622708875 -0.0010716388879905244 -0.0009226193094446298 -0.0013415690631985806 -0.0012676150488470695 -0.0010167165374478245 -0.0010324418886608821 0.00015021383077197506 -4.3381214490582004e-5 -0.0008079070231493168 -0.0007617423505827035 -0.00015491651702391024 0.0001626474608019997 0.0006886144200406094
 0.0004643624776262086 0.001048944126570297 -0.0022569474108981857 0.0009553000410890143 -0.0016170994703943802 -0.0013688552515905394 -0.0032302573179771666 0.0 0.0004579705338925513 -0.00020114350864344332 -0.000962907798978128 0.0011620691905447908 0.0014687112831371799 0.0002509129083469908 0.00015642348422501245 -0.0013325837237886829 -0.0028653708266600996 -0.002818792480033658 -0.0013272457455881597 0.00037489960447393883 0.0005019757936523549 0.00799810149265206 0.0005321166543307163 -0.000794478434817715 -0.0007609546901873129 -0.0008134052234649056 0.0032461283925986914 0.001473737745208638 -0.0012222522226276557 -0.0018917808349980696 0.00061442266583257 0.003425092802529523 -0.0025109986423066974 -7.959023936843733e-5 -0.002461269491484939 0.0009306562251244553 -0.0012229386092873127 0.0009702568696942657 -0.00023865443528851875 -0.0013963819626154471 0.0027783517731493675 0.0019072078697363586 -0.0025558227047099225 -0.00029387833468854535 -0.00033173946663027045 0.01302565035538853 -0.00028588503960026934 0.0012424970432814292 0.00604111049355595 0.001266512004425467 -0.0015299308493182963 -0.0035890216063752716 0.0003432647050470527 -0.00043317599850183183 -0.004310383360671671 -0.0014422075782365767 -0.0016533300219069248 -0.010376461929047856 -0.0015931820866258441 0.0017966271327934835 0.0035260167855466684 0.0018460031800817968 0.0010974956166634976 0.004484557886954538 -0.0077102031301747205 -0.008507468433424833 0.004544147143227556 0.001664624635975732 0.0019442597344039398 -0.0017764914210240362 0.001492047190259407 0.0010207752731339638 -0.00038838523956044504 0.000750752294149894 -0.00022614693032541825 -0.0003505972252076631 0.0003757393376170246 0.00036379550525835803 -4.3931233963652254e-7 -0.003309325288775148 -0.003583867832318476 0.00021771052530657125 0.0008436510144876567 -0.00047276218570509117 -0.00013981322922351706 -9.47978719468605e-5 -0.00016775822406911727 4.1486434307917973e-5 0.0008474785154603066 0.0008045229605403749 0.00015210748445758195 -0.00017686629120320133 0.0010570498408999623 0.0009217021023294831 0.0013854732325604773 0.001308788829392888 0.001016104335744938 0.0010147287487682444 -0.00048047236382504845
 -0.0006555996614559092 0.00015766266292148952 -0.0033090174927720463 0.003318364105238564 0.00011205249654998618 -0.00022549056206631052 0.001220402017886097 -0.0004579705338925513 0.0 -0.00042381480964737503 -0.0011019402945192116 0.0011753115943247167 0.0003572404786537041 -0.00016345742510476488 0.00037292340090407756 -0.002742634464226178 0.002618302674991753 0.0026077290531821102 -0.002474953083268911 -0.0003262489264668443 0.002002394539066575 -0.0027107663684158493 0.002113203638047999 -0.001972519776008888 0.0027156596214723406 -0.002082900385818054 0.0007141826398545465 -0.0015969491864334493 0.0017604515417813966 0.0018984447423346163 -0.0011696927887636039 -0.00044187871324121277 -0.0030332095401339465 0.0014565777090770084 -0.003091702695915007 0.0030171817170651983 -0.0014251554301196357 0.003075947865733697 0.00018357974070155872 0.001085446523985204 -0.001495090179285932 -0.0008044611950350217 0.0010313370750630129 -8.04877488866759e-5 0.0005188636706057656 -0.0017983407042380388 0.0005860530174450515 -0.0005084915959962417 0.0017987931129021194 -0.0005752804926251821 0.00011593498812127438 -0.0006154156665974016 0.0009140823385737257 0.00084184643913539 -0.001209998615347966 -0.00012659154944848832 0.003654514026488062 0.012375801824888018 0.004122015617268708 -0.003991639423496874 -0.012876755338756436 -0.003713183164246962 -0.0003868388764621202 -0.014397564962524267 0.014914456084556792 0.014873993365147671 -0.014993040760340689 3.8924601449129563e-5 -0.0010279321513238968 0.00862571438684853 -0.0005028331728323885 0.0007921193108738011 -0.008929157032659252 0.00107274702085969 -0.00013651737113838566 0.00025278780939329325 -0.00294046966483174 -0.000435239878022661 9.717144745091368e-5 0.002642969331434073 0.0026428833613039698 0.0001489889122561735 -0.00032603764944466737 -0.002413920207324915 9.001946601894218e-5 -0.0004939212337766862 0.001547030918148153 0.00030546015145279634 0.00022139035642759487 0.0006064388480791481 0.00020998127546664543 0.0019182871136896513 -0.0015590749338171982 -0.0003063418748889213 -0.00019340549400197695 -0.0005784155380993594 -0.00021025728600266428 -0.0019295307856292878 3.847205023074773e-5
 0.008079585825435893 -0.0007453119274777057 -0.002342871403685828 -0.012470196116516197 -0.0006107830956820288 0.0014286402562298458 0.0009196947899099883 0.00020114350864344332 0.00042381480964737503 0.0 -2.1961552048339173e-5 8.544112360547493e-5 -0.0030443241728121736 0.0008791354968748552 0.009607924742957819 0.006197522240807536 -0.007165331903293008 0.0014060766216529973 -0.0011288255294123399 -0.0005208740228074512 -0.0063929726827922865 0.002660187656259424 -5.151821481500093e-5 0.0056488959652391795 -0.007265243313277189 -0.004306881217435086 -0.0007345033126434149 -0.00249450820747408 -9.39767804213396e-6 0.0006149344261738954 -0.0009084218301582904 -0.001693209794337531 0.000992864617728338 -0.0030101070875031676 -0.0025612110438335257 -0.04022644186491007 0.003316075295650575 0.004883645782217635 0.0018909220444702102 0.003145994928745851 -0.0014655236159690382 -0.0013615466422922354 6.208010063954244e-5 5.387006894716674e-5 -0.0025499633905549488 0.0013863834681261955 0.0004377274549695005 -0.00021927490723484678 0.002495248172555223 0.001736997778823142 0.0016027407863298043 -0.00112758536651197 0.0012893998466671215 -0.008025213845805257 -0.007423479878557833 -0.003399981396255929 0.0034947478201795496 -0.0007904928558990199 -0.00037060514328770265 -2.7775326352315788e-5 0.0021018219803747564 0.006203912805539291 0.02860273820854259 0.01504323801456474 0.004626288414965112 -0.00283451980126561 0.003137027470776673 -0.0005248125356226245 0.012217074341281291 -0.005210557275933144 -0.00030603503789921075 -0.0020427358894304064 -0.007045616078311454 0.005508306431576676 -0.0024823365372301075 -0.00217243141174466 -0.002697434036897813 -0.004569699404320339 0.0027738497446698905 0.0016898652511170508 0.0030532363166519247 0.00017093838339810627 -8.678638739080744e-5 -0.0031763354790108698 0.0005300837499579624 -0.00048453181294436863 -0.00460054945888344 -6.327717571357447e-5 -4.68370970991797e-5 0.004653484997083827 0.0011746269221864637 0.001279286263438022 -0.0014894754059156198 -0.0008824190308645533 -0.008458991349649928 0.0001298126040914626 0.0004754691933593826 -0.00543982630890497 0.020768789131647748
 -0.0012642334413902278 0.007687706813959314 -0.002228727731735451 -0.012403188893047368 0.0012089905339766052 -0.00037889112141283087 0.0011092766437107784 0.000962907798978128 0.0011019402945192116 2.1961552048339173e-5 0.0 -0.002963194844200266 4.702017378688619e-5 0.000609914798343604 -0.00044357773876764267 -0.0007366972029451977 0.0016480263625584515 -0.00697869674510704 0.006404237416493222 0.00960642800817324 -5.755128136254912e-5 0.0024922478062730305 -0.006372354909951826 -0.004303663154878683 -0.007430060742506839 0.0055694824983828 -0.0016361431174658453 -0.000718909861291649 0.0006701276064229281 0.0001917474036067763 -0.0021849235771114186 -0.000558028483578442 -0.002458756920551739 -0.0031010766471095317 0.0010386922819050255 0.005010039239374368 0.003284462465379735 -0.040137379349854126 0.0002038703203701283 -0.00017186402584296262 -0.0015553419736269143 -0.001588380422153078 0.0033332880615450176 0.0021781408484712744 0.0003452851051057921 0.0014794459858536633 -0.0026399655770128544 0.0016940529240233085 0.0025594396060314496 -0.00034556033389478705 -0.0031105532861232005 -0.007751706864239522 -0.00787638372012657 0.000938116905555195 -0.0007719123583107725 0.0019673551900743704 -0.000495230037895295 -0.0012594256373838757 0.003203116738342818 0.006192218001637262 0.0017902093349263868 -0.0005976842952940876 -7.296345851746357e-5 0.0025477241204345446 -0.002720600067748655 0.004070667115574806 0.015056969246596127 0.028932877406634538 -0.00017137053126795647 -0.00520743084463806 0.012039322856139345 0.005588756216160883 -0.006965336162898812 -0.0022433725630861476 -0.0004434428563478385 0.0006587325565654052 -0.0027428492420378554 -0.0002660159976089424 5.9856488771591076e-5 0.002851194936240895 0.0018097907039625512 0.0026267698599583104 -0.004562538256620287 -0.003311317557320211 -0.002349856993216656 -0.002507234210399203 0.0012009779405987193 0.0011694944175291012 0.004526745119592431 -7.917850807859575e-8 -0.00019332651848571463 -0.004555797532777919 -0.005446869665269892 0.0006106304536859829 9.546122685015379e-5 -0.008532458781799514 -0.0008411655843998695 -0.0015807026216805345 0.020839073535678012
 -0.00798843706573061 0.0009584390638749914 0.012401999115269928 0.0022325809789903294 0.00027068165031875267 -0.0013074082613833686 -0.000996518037415766 -0.0011620691905447908 -0.0011753115943247167 -8.544112360547493e-5 0.002963194844200266 0.0 -5.823820956024392e-5 -0.0008486323597852832 -0.00954401977495233 0.006943336531107009 -0.006261129972919232 0.0006957843866218958 -0.0015186875601321916 0.0005679794756495996 0.00432547914042733 0.007456825105485484 -0.00554811607770951 7.883260416823587e-5 -0.0024650658597188324 0.006394087366518593 0.0007662841262526289 -5.9439845532491514e-5 0.002456780161592277 0.0008155585161811461 -0.0004458781867520446 0.0017008555775070312 -0.005020151620654505 -0.0032594263678131733 0.04012807477095334 0.002444958678979656 0.0031233390322087783 -0.0010527079641585045 -0.002127221233802238 0.0017532686519572973 -0.0032676801843125733 0.00017939399366106534 0.0014556177165334185 -0.0001507339336501488 -0.0016824895756644082 -0.0025498168502368483 0.00035710203250813034 -0.00033469437932745613 -0.0014701956123875982 0.0026505225061096843 -0.001954368744794511 -0.0009273039153500003 0.0009865172082846574 0.0077446644033027055 0.008066709399594066 0.003139991103470424 -0.0062196301157961785 -0.0019530468003787931 0.0006403277773807645 0.0004662534977888469 0.0010904559920444095 -0.0031537454774904113 -0.029096770535304985 -0.004072613177678828 -0.014841549604883424 -0.0025385839814014806 0.0029529774743347515 -8.297649547867641e-5 -0.005518807481899636 0.006752568424475104 0.0023820290864644813 0.0002314874271842898 0.004992754472024111 -0.011888702896738797 0.00229167485862602 0.0024533626430313345 -0.001607874438183752 -0.0028640334131526074 0.004438936525078851 0.0020744629578542204 0.0039168180592305335 8.456913439563156e-5 -0.0001371318817400541 -0.0031118250216299894 0.00037364881867454783 -0.0007278434457691533 0.0054299811137782945 -0.000615244478099635 -5.8329940701245934e-5 0.00857405467513336 0.0008352364348516211 0.0015670036890433785 -0.001212192835039213 -0.0011698756191657542 -0.0044816351733174 4.2005990981866135e-5 0.00019376191547015346 0.004542153348630413 -0.020771786142136536
 0.0008616244135318843 -0.007955724982597008 0.012472410961654596 0.0023422245226286387 -0.0015031601959021317 0.0005112859698599517 -0.000766336194688628 -0.0014687112831371799 -0.0003572404786537041 0.0030443241728121736 -4.702017378688619e-5 5.823820956024392e-5 0.0 -0.0009727760117157771 0.0006271886425420018 -0.0012117104855322092 0.001035374414361736 -0.006027087589024198 0.007054100028052456 -0.009584590396550734 -0.005647145480090332 0.00727153139080926 0.004309264069441192 0.006395653782514235 -0.002654269426629355 5.4171774302229424e-5 0.0014908322546353303 -0.0007964843546774352 0.0006375524850499288 0.0023860489382625198 -0.00018214501728263717 0.0006930278068672273 0.04022621760142309 -0.00331466296906334 -0.0048847017632864444 -0.0009919512118825604 0.003013027231214842 0.002561963950613791 -4.7037164758917545e-5 0.0010398422410314691 0.00020757992989992816 -0.0032471751521824122 0.0019617451512172475 -0.0018867393082627171 0.0002193785885916577 -0.002490819075424322 -0.001736924394448374 0.002550712350570574 -0.0013810676601750858 -0.00043720474940669275 0.003485577016686689 0.007668561203453621 0.008019957860383217 0.0008110618847193806 -0.0006481988676872161 -0.0015423264997552132 0.0003969334486183918 -0.0019512300061278196 -0.006608512794935238 -0.0031222641010035658 0.000948192435026354 -4.0751950477983865e-5 0.0006134790180971243 0.0022723095250702235 -0.002694019250938702 -0.015606418584076468 -0.004192500879302471 -0.028543995868951552 0.0023926122454262 0.007008965185252496 -0.0058566537735730865 -0.011850772480296007 0.005177498076700912 -6.237861801814968e-5 -0.0006024667737614791 0.0006516576648363859 -0.0026012456657359666 -0.00016591506363277276 0.0002596712990120881 0.0037268773222816605 0.002182386330141005 0.004512033939187943 -0.002663008898209195 -0.002109874984558475 0.002414064046805295 0.00234568258839689 0.0014864327051499287 0.0008830563144981421 0.008469120723860994 -0.00012030913507342388 -0.0004749894709330219 0.0054364106799539985 0.004595660557438263 6.173668177308512e-5 5.648617006052373e-5 -0.004643051971267539 -0.00117674172963512 -0.001284251212650149 -0.02074718170451912
 0.00031897228679533503 9.851820015594379e-5 0.021870889312743055 -0.02186239652074522 9.883471435740721e-5 -0.00019223641010041324 0.0008228835342829568 -0.0002509129083469908 0.00016345742510476488 -0.0008791354968748552 -0.000609914798343604 0.0008486323597852832 0.0009727760117157771 0.0 -0.00020175603751672007 -0.0019217730662624362 0.0019521768884290026 0.0018950638451499186 -0.0021413531043027356 9.46283820395661e-5 0.017388584174100344 -0.013467789873232196 0.017346207867579032 -0.017403523384427334 0.01339315400249326 -0.017361323576171827 -0.00043215867612206874 -0.0013997772346304605 0.0013769943553484441 0.0012617244312217858 -0.001646471299961457 0.0002277792290559305 -0.005718233515131892 0.03805682553400109 -0.005771635892235422 0.005727381412352451 -0.03807477634275455 0.005779932416755194 3.185354248886798e-5 -0.0008007681271819602 0.0009436529768210181 0.0004935275175411716 -0.0009189697769604791 7.539015068366711e-6 0.0006796259158246232 -0.002431407894375128 0.0006333018313675359 -0.0006936823414756359 0.002399721417777934 -0.0006471969876924507 -7.101895773506525e-5 0.002552219733712038 -0.002603356331590664 -0.002677535697316201 0.002367632533080002 0.0001520103870795281 -0.0027043788787131655 -0.0010290995144079747 -0.003081141200449764 0.002809076440586676 0.0009842704354042517 0.003020162904591854 -0.00020075484822576283 0.0013285622184236894 -0.0012525598639170476 -0.0013182489752103792 0.0009716772428427368 0.00018525255217977606 0.017828674643610237 0.007063445720276789 0.01761169178061278 -0.0178669628732879 -0.006979558945997329 -0.01767443029259115 0.002943262619391797 -0.0029121385526820038 0.0001856571440131086 -0.00279523174377729 0.002817388326501571 -0.0004380377076713502 -0.0005296572663366967 0.003079781295715074 -0.0026955791243204663 0.0009406850461271701 -0.002913908776792758 0.0029653999681662708 -0.00419100113443395 0.0012104154645089919 0.0046579385026386585 0.004719422980730088 0.0011907325740381023 -0.004196913213109141 0.004218016175513687 -0.001204172498289284 -0.00474157322671117 -0.004803709905147757 -0.0011841059177656536 0.004224515378653669 -2.0261957428403192e-5
 -4.848814539587366e-5 -6.909330013088083e-5 -0.004770819074842266 0.004757561854945306 0.00014918985730228164 0.00027131131603516905 -0.00013604135969086102 -0.00015642348422501245 -0.00037292340090407756 -0.009607924742957819 0.00044357773876764267 0.00954401977495233 -0.0006271886425420018 0.00020175603751672007 0.0 0.0008087020569162825 -0.0007155605144066023 0.001114118492109759 -0.0010766411469061994 -3.342733546176334e-5 -0.005635423086124488 0.007211750466031481 0.00327439971356335 -0.0033506118817310205 -0.007158140063813376 0.0055175826556230646 0.00012507570059224683 0.0055239884609014946 -0.005614489171648659 -0.001194680409701928 0.0012878247397732673 0.00013647004425406062 0.003779887117786259 0.001670362235834757 -0.007260084600600086 0.007312337842867251 -0.0017179207366969148 -0.003752307706610672 -9.343039547930525e-5 -0.00025923228330200146 0.0002931661614349459 -4.3001766972430204e-5 0.0002030331196221024 -5.6109639736570265e-5 -0.0012984030802201433 0.00029135551837043043 0.00022442298592659422 -0.00022709285643244224 -0.0003149601885093533 0.0012639034120563266 -0.00012375569521227837 -0.0002618031084965816 0.00016018635765550638 -0.004264693140040069 0.004243215232658375 -0.0001254638176601543 -0.01838097612979865 0.00041136209276463064 -0.00033104290476564764 0.00037440320077849326 -0.00018417792525508397 0.01830657236772013 7.733385407148035e-5 0.0019063356267568958 -0.0017990769463278918 0.00045722389266716847 -0.0003080836723929885 4.356020254246389e-5 0.009713338103129616 -0.006763089286991152 -0.004433305631159128 0.004459276024939161 0.006920865423211232 -0.00974110691077558 -0.0012752304218330514 0.001415577466505303 -0.00024236777170642782 1.6315621208964174e-5 -5.3170277925736835e-5 0.00011123987806754493 9.180277634880809e-5 -0.0011160637808689227 0.0011200126519823306 -0.0001697534257043209 -0.0008475320286337005 0.0008302701889335985 -0.0006393857512859127 -0.0002381046909331548 -0.0020140481859178554 0.00011080773486628998 -0.0004613453631468851 -0.0014826913299867666 0.0014852484905769942 0.0004921763444520647 -5.412980866230011e-5 0.002002528958027748 0.0002817950469873044 0.0005506880004750789 -8.711581998773869e-5
 0.004893593534200265 -0.0017307445432298537 0.004078734816902326 0.0018075719839244588 -0.00011342205396322707 0.0009852550231896707 -0.0033909984934936952 0.0013325837237886829 0.002742634464226178 -0.006197522240807536 0.0007366972029451977 -0.006943336531107009 0.0012117104855322092 0.0019217730662624362 -0.0008087020569162825 0.0 -0.0010731316971178352 0.0010742190771797556 0.00014382035318946676 0.0012735382772781738 0.0012506971187287233 0.0033830001873589354 -0.00018388581040323286 -0.0010395729707390815 0.006242198724741899 -0.004624029351326429 0.001897521341504692 -0.00244813396183005 -0.00380482167721977 8.860269580737864e-5 0.003342128291766351 -0.0013441711221201735 0.000573437971648563 -0.0003672219446650656 0.004448444581977884 0.004526117763158147 -0.0014348687948887732 -0.0016416238388952615 -0.00017315968637559496 -0.0016353256844054793 0.0001239834967160578 0.0013969679582672215 -0.0008671761929236875 0.0003256155525325365 -0.0007444282200888197 -0.0019355278423549892 -0.00020254465004719628 0.00020197257807209396 0.0007024210606308616 8.795839953894995e-5 0.004361902237172425 -0.001466861342284187 0.005776831766827359 -0.0026630352761770008 -0.01571054010568777 0.0007623287895822671 -0.00024370434068224118 -0.0032222127305828714 0.0001893274657743145 0.0022832740569322645 0.003389632339619507 -0.004018654531974225 0.008628700536302535 0.009910370257880628 0.0056144609515661505 -0.005600543416939533 0.0023938941191258174 -0.002839156322620139 -0.007051992192772828 -0.008209520537603848 -0.0030719549866929114 0.0019473131571037157 -0.006464891753104343 0.002298061219318872 0.0005647385732493063 0.00026775698105433403 0.00023188312469004746 -0.0009713249715116896 -0.00044427920272739185 0.00015315216148773544 0.00024160888067659223 -0.0009137128464678569 0.0006569874691214042 0.0008229127513569483 -0.0006932135135954246 -0.0003088648657256815 0.001465783958576356 -0.0008585622858540564 -0.0034177732968969847 0.001589918384103396 -0.0003561032129683912 -0.0018876029917371192 -0.000130166931255638 0.0003911832584356765 0.00159119293802919 0.0010466010195351835 0.00045126909210312484 0.0010339933395500872 0.004390742460537113
 -0.004709455280178996 0.0011139094388312929 -0.0018204945857204166 -0.004098112130032612 -0.00046578599072771983 -0.0006334275021601339 -0.0015785595007689606 0.0028653708266600996 -0.002618302674991753 0.007165331903293008 -0.0016480263625584515 0.006261129972919232 -0.001035374414361736 -0.0019521768884290026 0.0007155605144066023 0.0010731316971178352 0.0 -1.9232469040892848e-5 -0.0011498287767071264 -0.0010684980597307145 0.004679811660369212 -0.006189617342235317 0.00114071741482996 0.0002697528781275201 -0.0033101465043263423 -0.0012056697275126095 -0.002045037548460598 0.003782378315621347 0.002354545570763147 -0.0028319209971623353 0.0002186681535960887 0.0014824200667183072 0.0016082526187401673 0.001464141012540809 -0.004548310279752585 -0.004513782800725471 0.0004324907948802569 -0.0006236924357114347 -1.4866019569780735e-5 -6.945830099267853e-5 0.001931947890340297 0.000783483629685818 -0.0013632498157446387 -0.00013399188863719928 -8.202386253578818e-5 -0.0006667403592788198 -0.00012277634874637055 0.00025671635802157846 0.0019747590147439465 0.0007524823177061515 -0.00414453367786883 -0.005652135426296881 0.0015326730641953337 0.015930064058136947 0.0028844151132615065 -0.0009201204007288545 0.003785882364049366 -0.0032426189199609165 -0.00210112173531307 0.00019549221866466728 0.003174545770194187 2.7396720782945204e-5 -0.008371401666928398 -0.0058243664017047485 -0.01021166545840059 -0.002182709497993116 0.0059544404105009024 0.002572796399254362 -0.00250932569592668 0.006503012947492249 -0.0018968329302975913 0.00341858105153065 0.008080513460441878 0.006739302458239025 -0.00018384071737571355 -0.0005282020649072848 -0.0004744199636862131 0.0003388974787339712 0.0008795564336486004 -0.0005087783971148492 -0.0006299120317766259 -0.0008090457618883305 0.0006593360095677881 0.00012109637695911129 6.871848259216756e-5 0.0005032226764129058 -0.0009606893483022807 -0.000574621740904874 -0.0009100815116394516 -0.001602624615419526 -0.0003778391802346162 9.392319061866461e-5 0.001850891288147224 0.00037427926837262386 -0.001557843250266793 0.003542686514988471 0.0007910825016353227 -0.0014093167724826508 -0.004247202274114186
