function getTetDiagEp2{T}(w::Array{T,1}, Q::Array{T,3})

w[:] = [0.02922867858673424,0.02922867858673424,0.02922867858673424,0.02922867858673424,0.02922867858673424,0.02922867858673424,0.02922867858673424,0.02922867858673424,0.02922867858673424,0.02922867858673424,0.02922867858673424,0.02922867858673424,0.012914918864852366,0.012914918864852366,0.012914918864852366,0.012914918864852366,0.012914918864852366,0.012914918864852366,0.012914918864852366,0.012914918864852366,0.012914918864852366,0.012914918864852366,0.012914918864852366,0.012914918864852366,0.06896751365952453,0.06896751365952453,0.06896751365952453,0.06896751365952453,0.06896751365952453,0.06896751365952453,0.06896751365952453,0.06896751365952453,0.06896751365952453,0.06896751365952453,0.06896751365952453,0.06896751365952453]

Q[:,:,1] = [0.0 -0.00043898806912951154 -0.004754091749210657 0.003306774693606702 0.0015244351730626811 -0.0001513846770287446 -0.021476612565070833 0.001751866935359386 -0.005877391036050013 0.007453606341787803 -0.0014584100214573156 0.020631501788720176 -0.0009538547723222368 0.0026535414649883253 0.007192325543511479 0.0042147108057182915 -0.014049365763365611 0.0014541097979573038 -0.0034481440171134294 -0.00281348829370841 0.0026029711731210227 -0.003838158261852203 0.0028479580112630754 0.004037579582194798 0.0019452835644944335 -0.01512679150429285 0.013325514464306042 0.015876007599016126 -0.012984964314856642 -0.002004810094835265 0.0062854427441722685 0.024574543702355435 0.007758418023317289 -0.010077222199219263 -0.025941145369153425 -0.004041768700286022
 0.00043898806912951154 0.0 -0.00032169635307396135 0.0008119051713351964 0.002058449253229388 -0.00509765021579541 -0.005784512526204685 -0.011069002595373786 0.07252234519077681 0.000984196541018135 0.020104963405400005 0.011039444317309983 -0.0036161010978742816 0.0011834667173530205 0.0014843749193774582 0.0028421846393115935 0.002742994705538496 -0.001355292726868337 0.0015225818562741827 0.004828757836629759 -0.00026760725016832605 -0.004344639729643305 0.001110176833776021 0.006083655322878298 -0.02792082605443823 -0.01345711989274065 -0.0020657057835042052 -0.006005378721591826 -0.002325798941744085 0.003074215216067108 -0.02098355637456655 -0.004508725538478801 0.00592482028736333 0.0014479935194411922 -0.0077604095819092354 -0.02332149041823354
 0.004754091749210657 0.00032169635307396135 0.0 -0.006306479693617572 -0.006990757467958084 0.0031299735401353525 -0.004247211839583183 -0.020432083298483148 -0.003994763110328757 -0.07177796509288877 0.010825048652773962 0.006411480079806504 0.004964600489266552 -0.005295328202410466 0.000648913370909276 -0.005190150568629842 0.0007460417412684251 0.011089866987987522 -0.0025707099452279606 -0.0020344501507821708 -0.004341545364487233 -0.0016027540191930296 -0.0049836854424779396 -0.0031339776017983646 0.021486374583579583 0.004491600524818575 0.011018653927254695 0.005945407260717215 -1.6486879599257222e-5 -0.00884742241652196 0.021727573468523307 0.011895568487810482 0.002029750317127353 0.0010976303080577144 0.0095503542826458 0.019631144969020485
 -0.003306774693606702 -0.0008119051713351964 0.006306479693617572 0.0 0.007736154160829469 0.008907111650224467 -0.0073752529459909805 -0.02012608571281521 -0.007987447567681405 0.002882176054305051 0.010804863061758043 -0.06978642841224002 -0.000563227229391034 0.00028842434106881687 -0.0018479459438612185 -0.002149155287552078 -0.006377758141990623 0.0033864733065960746 0.006344252915982358 -0.0005175211492160527 -0.006110964278320793 -0.0002833542892370978 -0.0046676452337343155 -0.002240322765114783 -0.011635682192801587 0.005676135704903495 0.001096413153296796 0.00927270288278394 0.005963707624809773 0.02085854002967325 0.004441260389950898 0.008106968282266062 0.02632725350597192 0.018851206024499825 0.0005499386217440441 -0.002012590389392393
 -0.0015244351730626811 -0.002058449253229388 0.006990757467958084 -0.007736154160829469 0.0 -0.003507716899753581 0.06993818062105836 -0.010960324303183444 -0.004497470748437633 0.002596065269562131 0.019324437703944874 0.009518341852688184 0.0034470507963257676 0.0009057513413696697 0.0005932907695123681 0.003946025114761477 0.0016863132760330329 -0.0053067673419196285 0.001487539403371452 0.005156739516377462 0.0009879172916818241 0.005459648836911135 0.0012722483312321477 -0.0059367522689001565 -0.0017437329356335468 0.005643474117904387 -0.006367293076680973 -0.006766637144013592 -0.01413890597150086 -0.025975126727553182 -0.0015248570348409564 0.0030505970273092555 -0.014323312569773258 -0.021225733763547576 -0.00985387076645244 0.0014431614013097499
 0.0001513846770287446 0.00509765021579541 -0.0031299735401353525 -0.008907111650224467 0.003507716899753581 0.0 -0.006369106413319784 0.0012926888909855134 -0.021567509719162208 0.01949467116573594 -0.00216153040746288 0.008551626295848725 0.004253863918429576 -0.008514272078842236 0.0005754297873401095 0.008111012912230146 0.00017025734250912528 -0.0017904949619418477 0.002690729878713545 -0.0029022770122643943 -0.0034912783846916097 0.004364605210318425 0.0026182422649606183 -0.005297249375144345 -0.0015281897861660304 -0.017457239249090362 0.02151292550252416 0.019034283630635022 -0.02293763169409534 -0.0005079498369888212 0.0018669839511695368 0.018523616323701374 0.0014419038639324655 0.00545295065991858 -0.016401765358489556 -0.00574896392351084
 0.021476612565070833 0.005784512526204685 0.004247211839583183 0.0073752529459909805 -0.06993818062105836 0.006369106413319784 0.22338158967801142 -0.002804087465772555 0.00014107195927177946 0.009433354409427828 0.01692025956621638 0.05152147061457273 -0.004092615966264781 0.005365586216595179 0.013091550920864531 -0.014081650454010716 0.012591449640265743 -0.012649695828554745 0.0011973728921255743 0.0013660455138047702 -0.01462452807646186 0.022558272805147876 -0.03294684323573279 0.006956906780396345 0.002147035807438003 -0.00044113569364150756 -0.00355865238467404 -0.030353203257375953 -0.00745684292787313 -0.05059830059284326 -0.01948204400681901 -0.038840750631131044 -0.06314064084266816 -0.03447973632566557 -0.00559549326148292 -0.006840261522276752
 -0.001751866935359386 0.011069002595373786 0.020432083298483148 0.02012608571281521 0.010960324303183444 -0.0012926888909855134 0.002804087465772555 0.22338158967801142 0.002889915740088076 0.016163198783740635 -0.140193497551316 0.01619037615922807 0.02002140938195913 -0.006684319012498935 -0.00034812946437768493 -0.00011808481742389091 -0.006490364491393555 0.01914616715679509 -0.010203787786968238 0.0017663338876968 -0.010115373012195039 -0.016224068144862887 -1.4711004829466148e-5 -0.01676495779740139 -0.009250024042276705 0.0015470755655023617 0.0004041961062065399 0.0007272471449133969 0.0010837447696224807 -0.008881396737531242 -0.0349605604648841 -0.00795551702277222 -0.03472612804741696 -0.029924899244144296 -0.0023256539828691997 -0.030486809297886646
 0.005877391036050013 -0.07252234519077681 0.003994763110328757 0.007987447567681405 0.004497470748437633 0.021567509719162208 -0.00014107195927177946 -0.002889915740088076 0.22338158967801142 0.055470430589016226 0.01587026513991328 0.004993991967520976 -0.013136472674196847 0.010561128225582821 -0.014369238979772115 0.01346478362853945 0.0061214168792372734 0.000612359579014854 -0.01434237618280652 0.0012188044622947775 0.00119703505393143 0.006254299070713147 -0.03278795187871067 0.021074341433942344 -0.05244563567919508 -0.007454741766438255 -0.029125985080804426 -0.003449591953201046 0.0016126602616039027 -0.0053790973499313844 -0.05765884656057659 -0.036221343491659265 -0.020408066812096358 -0.00902275420763723 -0.003263994783200015 -0.0311382578606201
 -0.007453606341787803 -0.000984196541018135 0.07177796509288877 -0.002882176054305051 -0.002596065269562131 -0.01949467116573594 -0.009433354409427828 -0.016163198783740635 -0.055470430589016226 -0.22338158967801142 0.0029081384061247707 0.00015948192872342857 0.017227191027490058 0.01270851556668166 -0.01255032841453104 -0.005112983354722159 -0.012137746440406876 -0.009482611383957541 -0.025786179437987646 0.03393575182042394 0.001437700000542423 0.0005948213266999763 -0.00144773715315419 0.013754991716938834 0.05186463808183134 0.028429828505562596 0.004548704324475124 -0.0027627378235948645 0.004365935570465136 0.003774293307539765 0.03338274577427009 0.0034498663855127266 0.008489482825664387 0.018560812375053293 0.03726255168518351 0.05850619711888774
 0.0014584100214573156 -0.020104963405400005 -0.010825048652773962 -0.010804863061758043 -0.019324437703944874 0.00216153040746288 -0.01692025956621638 0.140193497551316 -0.01587026513991328 -0.0029081384061247707 -0.22338158967801142 -0.0028538243700779 -0.01969210228561077 -0.00013600503420533921 0.005964984802650237 0.006689742355729309 0.00030468285772981775 -0.018937751221057994 0.016306277646116987 0.000306279680350335 0.016421592019153074 0.010099204132948963 -0.001747464897946679 0.010138363053291808 0.007849133803522106 -0.0002794748161443931 -0.0016806271227937384 -0.0015624461842896598 -0.001052711158761867 0.0068820544785368545 0.031080935865558594 0.002902492356979405 0.030303944630719067 0.0349155546484294 0.008605606499103717 0.03549768589397537
 -0.020631501788720176 -0.011039444317309983 -0.006411480079806504 0.06978642841224002 -0.009518341852688184 -0.008551626295848725 -0.05152147061457273 -0.01619037615922807 -0.004993991967520976 -0.00015948192872342857 0.0028538243700779 -0.22338158967801142 0.0009843159694878736 -0.011682215392520784 -0.0044238249810591495 -0.011780685154257916 0.013533305281221281 0.01699060711682917 -0.00602599143642243 0.03197367120416246 -0.02487894943436962 0.013730747418227362 -0.001054825206103096 -0.0009558278938126564 0.005964367734245213 0.003153868657250992 0.00147324176914569 0.010273687658296142 0.0306369062066381 0.05581351856535619 0.006208244763777889 0.0030530748110229535 0.030489932124675993 0.06004918127758563 0.035677811270719915 0.020554889570014882
 0.0009538547723222368 0.0036161010978742816 -0.004964600489266552 0.000563227229391034 -0.0034470507963257676 -0.004253863918429576 0.004092615966264781 -0.02002140938195913 0.013136472674196847 -0.017227191027490058 0.01969210228561077 -0.0009843159694878736 0.0 0.003989827393676212 0.0019831574334192937 -0.0037035304034573305 0.0008224493796927658 -0.0051426167361916025 0.03231415595857123 -0.003336713515409687 -0.00107782453239232 0.003445460274892632 0.0033798178389412383 -0.030947690918105338 0.007147701358735091 -0.0031254322602382303 0.003747496513410939 0.002496710820681921 0.001109863056061431 0.01137572551378352 -0.004007977622664333 -0.000555176200571386 -0.0021803921893887033 -2.563543942485239e-5 -0.007177971161426607 -0.0016873470052968065
 -0.0026535414649883253 -0.0011834667173530205 0.005295328202410466 -0.00028842434106881687 -0.0009057513413696697 0.008514272078842236 -0.005365586216595179 0.006684319012498935 -0.010561128225582821 -0.01270851556668166 0.00013600503420533921 0.011682215392520784 -0.003989827393676212 0.0 -0.010960542266027277 -0.009064508650751124 0.0011855663302036644 0.00032305144082725836 0.0014378105433440148 0.015533599247630207 0.009387166134040639 -0.003712649696554059 -0.03054223403525099 0.003213694219246061 0.006047010191384096 0.016476587118246767 0.016904642311083323 0.007838862738533155 0.012410484074583394 -0.00872414262657925 -0.0028314551591125258 -0.0008615826460359965 -0.013389935316659976 -0.006008172021735867 -0.002454289972139421 0.0031351395885609004
 -0.007192325543511479 -0.0014843749193774582 -0.000648913370909276 0.0018479459438612185 -0.0005932907695123681 -0.0005754297873401095 -0.013091550920864531 0.00034812946437768493 0.014369238979772115 0.01255032841453104 -0.005964984802650237 0.0044238249810591495 -0.0019831574334192937 0.010960542266027277 0.0 -0.0011608029706244958 0.009995427278316081 0.002728454439585527 -0.0019536634422948613 0.03065800664231276 0.0032263043701520142 -0.010537420499479429 -0.015567952070335421 0.00030887623710395184 -0.003098059740590658 -0.00709684519088347 -0.017875053723893086 -0.008548366888508793 -0.015459516922603455 0.011832175419073618 -0.006889951420830509 -0.0017697588631943326 0.005122190690860236 0.009057496398683872 -0.0035517662249267227 0.007614243980032398
 -0.0042147108057182915 -0.0028421846393115935 0.005190150568629842 0.002149155287552078 -0.003946025114761477 -0.008111012912230146 0.014081650454010716 0.00011808481742389091 -0.01346478362853945 0.005112983354722159 -0.006689742355729309 0.011780685154257916 0.0037035304034573305 0.009064508650751124 0.0011608029706244958 0.0 0.010390342846300707 -0.0008229808296116238 0.003091809526365515 0.03072582877800249 -0.0018815089392572155 -0.00031335213151716427 -0.015562433487646328 -0.0119401482600036 0.006869853476388823 -0.014262203320815972 -0.0049669897717730515 -0.011955390821943102 -0.003179183250599329 -0.007374635848854056 0.017258787177171126 -0.012472872602103818 0.00274013529047706 0.0012494451270217014 -0.004232594594618494 0.0035449994318779415
 0.014049365763365611 -0.002742994705538496 -0.0007460417412684251 0.006377758141990623 -0.0016863132760330329 -0.00017025734250912528 -0.012591449640265743 0.006490364491393555 -0.0061214168792372734 0.012137746440406876 -0.00030468285772981775 -0.013533305281221281 -0.0008224493796927658 -0.0011855663302036644 -0.009995427278316081 -0.010390342846300707 0.0 -0.003439400974951645 0.01036977783022638 0.015955496911249305 0.0030246045578654892 0.0028540339271496866 -0.030637436228356033 -0.003412748689326259 -0.006384200794297129 0.005202205563391518 0.0027642097308910847 0.010553148186639308 0.00993037604854275 0.0073187295573431295 -0.009173572197888346 0.00847335368009363 0.0002765367842354552 -0.00543636142758039 0.014407278402252349 -0.011411018146320093
 -0.0014541097979573038 0.001355292726868337 -0.011089866987987522 -0.0033864733065960746 0.0053067673419196285 0.0017904949619418477 0.012649695828554745 -0.01914616715679509 -0.000612359579014854 0.009482611383957541 0.018937751221057994 -0.01699060711682917 0.0051426167361916025 -0.00032305144082725836 -0.002728454439585527 0.0008229808296116238 0.003439400974951645 0.0 -0.0041869922177818885 -0.0028183803660954713 0.04090233159475039 -0.0377883312480841 0.001210233098450967 -0.0030560657156369297 0.002056343579561076 -0.0007032596923404853 0.0008709157417532971 -0.0010456768623620237 0.002418320432596266 -0.004378818035876981 0.004187349882761449 0.0019309348115606312 -6.866602581588263e-6 -0.003520425022935934 -8.993025449945992e-5 0.0008217946972985907
 0.0034481440171134294 -0.0015225818562741827 0.0025707099452279606 -0.006344252915982358 -0.001487539403371452 -0.002690729878713545 -0.0011973728921255743 0.010203787786968238 0.01434237618280652 0.025786179437987646 -0.016306277646116987 0.00602599143642243 -0.03231415595857123 -0.0014378105433440148 0.0019536634422948613 -0.003091809526365515 -0.01036977783022638 0.0041869922177818885 0.10995174365532186 -0.0022099097853671163 -0.0008445863526356544 -0.0009056060041228407 -0.0005638532031185299 -0.06729711312610245 -0.01982623329245352 0.008453272497211955 0.0021179764860666636 0.0032386670014548733 0.00523161463951439 -0.0001405492540870151 -0.019533082785026606 0.0013739285578169506 0.0013685004247208888 0.0008916162119125755 0.006405685217029729 -0.01946760690364768
 0.00281348829370841 -0.004828757836629759 0.0020344501507821708 0.0005175211492160527 -0.005156739516377462 0.0029022770122643943 -0.0013660455138047702 -0.0017663338876968 -0.0012188044622947775 -0.03393575182042394 -0.000306279680350335 -0.03197367120416246 0.003336713515409687 -0.015533599247630207 -0.03065800664231276 -0.03072582877800249 -0.015955496911249305 0.0028183803660954713 0.0022099097853671163 0.10995174365532186 0.002516235519440487 -0.00039536493262380353 0.016978288584727042 0.0004876947486639662 0.004190844327548406 0.029944016196845207 -0.02800872598701372 -0.027887487540021752 0.02906052487891675 0.005163275135944938 -0.001878453566327192 -0.03717188589342859 -0.0005421007441619038 0.011607517714038482 0.03240047486906556 0.010375978261155935
 -0.0026029711731210227 0.00026760725016832605 0.004341545364487233 0.006110964278320793 -0.0009879172916818241 0.0034912783846916097 0.01462452807646186 0.010115373012195039 -0.00119703505393143 -0.001437700000542423 -0.016421592019153074 0.02487894943436962 0.00107782453239232 -0.009387166134040639 -0.0032263043701520142 0.0018815089392572155 -0.0030246045578654892 -0.04090233159475039 0.0008445863526356544 -0.002516235519440487 0.10995174365532186 -0.06254389108394809 0.001408338473431604 0.0018633663186293468 -0.00023692260380563362 0.002333870881530587 0.0020860885351796582 0.0035833430239445834 0.0036628021167856395 -0.013855700315707856 -0.003590930846191696 0.0010474659878237172 -0.019291581370546637 -0.015739413388956326 0.004743071881248872 -0.0013519591750397492
 0.003838158261852203 0.004344639729643305 0.0016027540191930296 0.0002833542892370978 -0.005459648836911135 -0.004364605210318425 -0.022558272805147876 0.016224068144862887 -0.006254299070713147 -0.0005948213266999763 -0.010099204132948963 -0.013730747418227362 -0.003445460274892632 0.003712649696554059 0.010537420499479429 0.00031335213151716427 -0.0028540339271496866 0.0377883312480841 0.0009056060041228407 0.00039536493262380353 0.06254389108394809 -0.10995174365532186 0.002519163632402329 0.0012468656289608727 -0.003153884624531971 -0.0021134995188096172 -0.00413467313235285 -0.006111369607145844 -0.003117335469982886 0.01569006917976473 -0.00015073054551536228 -0.004570645610213538 0.018907503895751826 0.02165404189401488 8.863821117811833e-5 6.910268369219132e-5
 -0.0028479580112630754 -0.001110176833776021 0.0049836854424779396 0.0046676452337343155 -0.0012722483312321477 -0.0026182422649606183 0.03294684323573279 1.4711004829466148e-5 0.03278795187871067 0.00144773715315419 0.001747464897946679 0.001054825206103096 -0.0033798178389412383 0.03054223403525099 0.015567952070335421 0.015562433487646328 0.030637436228356033 -0.001210233098450967 0.0005638532031185299 -0.016978288584727042 -0.001408338473431604 -0.002519163632402329 -0.10995174365532186 -0.002362820017922011 -0.006808844206384584 0.028542792798148236 -0.02927521708915113 -0.029584855880789154 0.027494450408415153 -0.006996334078846608 -0.01047393484814256 -0.031386110090035814 -0.010097780413981572 0.0020588958961723983 0.038073841437727116 0.001587353731901313
 -0.004037579582194798 -0.006083655322878298 0.0031339776017983646 0.002240322765114783 0.0059367522689001565 0.005297249375144345 -0.006956906780396345 0.01676495779740139 -0.021074341433942344 -0.013754991716938834 -0.010138363053291808 0.0009558278938126564 0.030947690918105338 -0.003213694219246061 -0.00030887623710395184 0.0119401482600036 0.003412748689326259 0.0030560657156369297 0.06729711312610245 -0.0004876947486639662 -0.0018633663186293468 -0.0012468656289608727 0.002362820017922011 -0.10995174365532186 0.015786359142543588 -0.0018866637203976359 -0.007031490489505389 -0.005309680659211575 -0.005459690372476704 -0.007607921152795823 0.020945495134596266 -0.00435625557232635 -0.0009546570197016958 -0.0008273644634134306 4.0139865042287276e-5 0.02243413357594635
 -0.0019452835644944335 0.02792082605443823 -0.021486374583579583 0.011635682192801587 0.0017437329356335468 0.0015281897861660304 -0.002147035807438003 0.009250024042276705 0.05244563567919508 -0.05186463808183134 -0.007849133803522106 -0.005964367734245213 -0.007147701358735091 -0.006047010191384096 0.003098059740590658 -0.006869853476388823 0.006384200794297129 -0.002056343579561076 0.01982623329245352 -0.004190844327548406 0.00023692260380563362 0.003153884624531971 0.006808844206384584 -0.015786359142543588 0.0 -0.004673092729909167 0.0056875805057903074 0.008037471813928674 -0.010782040914825427 -0.004127189426878414 0.012613154832163303 0.0008446852817787735 0.003238239283311051 -0.007732733472566504 -0.004511298163483698 -0.009272067310612257
 0.01512679150429285 0.01345711989274065 -0.004491600524818575 -0.005676135704903495 -0.005643474117904387 0.017457239249090362 0.00044113569364150756 -0.0015470755655023617 0.007454741766438255 -0.028429828505562596 0.0002794748161443931 -0.003153868657250992 0.0031254322602382303 -0.016476587118246767 0.00709684519088347 0.014262203320815972 -0.005202205563391518 0.0007032596923404853 -0.008453272497211955 -0.029944016196845207 -0.002333870881530587 0.0021134995188096172 -0.028542792798148236 0.0018866637203976359 0.004673092729909167 0.0 0.007863273873418305 0.018690636067119962 0.005450881769173043 0.009633802087733808 0.013570642922729881 0.009675631084862298 0.0012478819219251566 -0.0046072536953010055 -0.011023978722651852 0.0013157114665646981
 -0.013325514464306042 0.0020657057835042052 -0.011018653927254695 -0.001096413153296796 0.006367293076680973 -0.02151292550252416 0.00355865238467404 -0.0004041961062065399 0.029125985080804426 -0.004548704324475124 0.0016806271227937384 -0.00147324176914569 -0.003747496513410939 -0.016904642311083323 0.017875053723893086 0.0049669897717730515 -0.0027642097308910847 -0.0008709157417532971 -0.0021179764860666636 0.02800872598701372 -0.0020860885351796582 0.00413467313235285 0.02927521708915113 0.007031490489505389 -0.0056875805057903074 -0.007863273873418305 0.0 -0.005514101744946371 -0.013770895984463969 0.0012706681379273058 0.004414940571933864 0.010516034786139886 -0.0065019225060509046 -0.0012985521276812745 -0.015072280662914527 -0.012712471167288008
 -0.015876007599016126 0.006005378721591826 -0.005945407260717215 -0.00927270288278394 0.006766637144013592 -0.019034283630635022 0.030353203257375953 -0.0007272471449133969 0.003449591953201046 0.0027627378235948645 0.0015624461842896598 -0.010273687658296142 -0.002496710820681921 -0.007838862738533155 0.008548366888508793 0.011955390821943102 -0.010553148186639308 0.0010456768623620237 -0.0032386670014548733 0.027887487540021752 -0.0035833430239445834 0.006111369607145844 0.029584855880789154 0.005309680659211575 -0.008037471813928674 -0.018690636067119962 0.005514101744946371 0.0 -0.011218432557920592 -0.006641216062019656 -0.0035800551600335354 0.004741327090463747 -0.0012819770033910007 -0.015436548405224747 -0.008932491656071666 0.011060644493866442
 0.012984964314856642 0.002325798941744085 1.6486879599257222e-5 -0.005963707624809773 0.01413890597150086 0.02293763169409534 0.00745684292787313 -0.0010837447696224807 -0.0016126602616039027 -0.004365935570465136 0.001052711158761867 -0.0306369062066381 -0.001109863056061431 -0.012410484074583394 0.015459516922603455 0.003179183250599329 -0.00993037604854275 -0.002418320432596266 -0.00523161463951439 -0.02906052487891675 -0.0036628021167856395 0.003117335469982886 -0.027494450408415153 0.005459690372476704 0.010782040914825427 -0.005450881769173043 0.013770895984463969 0.011218432557920592 0.0 0.005075678740652216 -0.00475195490724168 0.010540033107005069 0.013348725930412548 0.00046927472753679556 -0.004485313970367035 -0.003664609131572981
 0.002004810094835265 -0.003074215216067108 0.00884742241652196 -0.02085854002967325 0.025975126727553182 0.0005079498369888212 0.05059830059284326 0.008881396737531242 0.0053790973499313844 -0.003774293307539765 -0.0068820544785368545 -0.05581351856535619 -0.01137572551378352 0.00872414262657925 -0.011832175419073618 0.007374635848854056 -0.0073187295573431295 0.004378818035876981 0.0001405492540870151 -0.005163275135944938 0.013855700315707856 -0.01569006917976473 0.006996334078846608 0.007607921152795823 0.004127189426878414 -0.009633802087733808 -0.0012706681379273058 0.006641216062019656 -0.005075678740652216 0.0 0.004334236229086741 0.013280160848997111 -0.004114178866973397 -0.005388071033505408 -0.008919210502568215 -0.0034708018634909544
 -0.0062854427441722685 0.02098355637456655 -0.021727573468523307 -0.004441260389950898 0.0015248570348409564 -0.0018669839511695368 0.01948204400681901 0.0349605604648841 0.05765884656057659 -0.03338274577427009 -0.031080935865558594 -0.006208244763777889 0.004007977622664333 0.0028314551591125258 0.006889951420830509 -0.017258787177171126 0.009173572197888346 -0.004187349882761449 0.019533082785026606 0.001878453566327192 0.003590930846191696 0.00015073054551536228 0.01047393484814256 -0.020945495134596266 -0.012613154832163303 -0.013570642922729881 -0.004414940571933864 0.0035800551600335354 0.00475195490724168 -0.004334236229086741 0.0 0.01047474871169958 -0.003706546076763829 -0.0010942145512869515 -0.011521029830988936 -0.013307128045456293
 -0.024574543702355435 0.004508725538478801 -0.011895568487810482 -0.008106968282266062 -0.0030505970273092555 -0.018523616323701374 0.038840750631131044 0.00795551702277222 0.036221343491659265 -0.0034498663855127266 -0.002902492356979405 -0.0030530748110229535 0.000555176200571386 0.0008615826460359965 0.0017697588631943326 0.012472872602103818 -0.00847335368009363 -0.0019309348115606312 -0.0013739285578169506 0.03717188589342859 -0.0010474659878237172 0.004570645610213538 0.031386110090035814 0.00435625557232635 -0.0008446852817787735 -0.009675631084862298 -0.010516034786139886 -0.004741327090463747 -0.010540033107005069 -0.013280160848997111 -0.01047474871169958 0.0 -0.0031261947294323345 -0.005676737560723757 -0.0048688222097631306 -0.018543838336833346
 -0.007758418023317289 -0.00592482028736333 -0.002029750317127353 -0.02632725350597192 0.014323312569773258 -0.0014419038639324655 0.06314064084266816 0.03472612804741696 0.020408066812096358 -0.008489482825664387 -0.030303944630719067 -0.030489932124675993 0.0021803921893887033 0.013389935316659976 -0.005122190690860236 -0.00274013529047706 -0.0002765367842354552 6.866602581588263e-6 -0.0013685004247208888 0.0005421007441619038 0.019291581370546637 -0.018907503895751826 0.010097780413981572 0.0009546570197016958 -0.003238239283311051 -0.0012478819219251566 0.0065019225060509046 0.0012819770033910007 -0.013348725930412548 0.004114178866973397 0.003706546076763829 0.0031261947294323345 0.0 -0.022156922145272043 -0.006663084030960245 -0.009957055134890326
 0.010077222199219263 -0.0014479935194411922 -0.0010976303080577144 -0.018851206024499825 0.021225733763547576 -0.00545295065991858 0.03447973632566557 0.029924899244144296 0.00902275420763723 -0.018560812375053293 -0.0349155546484294 -0.06004918127758563 2.563543942485239e-5 0.006008172021735867 -0.009057496398683872 -0.0012494451270217014 0.00543636142758039 0.003520425022935934 -0.0008916162119125755 -0.011607517714038482 0.015739413388956326 -0.02165404189401488 -0.0020588958961723983 0.0008273644634134306 0.007732733472566504 0.0046072536953010055 0.0012985521276812745 0.015436548405224747 -0.00046927472753679556 0.005388071033505408 0.0010942145512869515 0.005676737560723757 0.022156922145272043 0.0 -0.014731100170913971 0.0024159664574578167
 0.025941145369153425 0.0077604095819092354 -0.0095503542826458 -0.0005499386217440441 0.00985387076645244 0.016401765358489556 0.00559549326148292 0.0023256539828691997 0.003263994783200015 -0.03726255168518351 -0.008605606499103717 -0.035677811270719915 0.007177971161426607 0.002454289972139421 0.0035517662249267227 0.004232594594618494 -0.014407278402252349 8.993025449945992e-5 -0.006405685217029729 -0.03240047486906556 -0.004743071881248872 -8.863821117811833e-5 -0.038073841437727116 -4.0139865042287276e-5 0.004511298163483698 0.011023978722651852 0.015072280662914527 0.008932491656071666 0.004485313970367035 0.008919210502568215 0.011521029830988936 0.0048688222097631306 0.006663084030960245 0.014731100170913971 0.0 0.008427897011091421
 0.004041768700286022 0.02332149041823354 -0.019631144969020485 0.002012590389392393 -0.0014431614013097499 0.00574896392351084 0.006840261522276752 0.030486809297886646 0.0311382578606201 -0.05850619711888774 -0.03549768589397537 -0.020554889570014882 0.0016873470052968065 -0.0031351395885609004 -0.007614243980032398 -0.0035449994318779415 0.011411018146320093 -0.0008217946972985907 0.01946760690364768 -0.010375978261155935 0.0013519591750397492 -6.910268369219132e-5 -0.001587353731901313 -0.02243413357594635 0.009272067310612257 -0.0013157114665646981 0.012712471167288008 -0.011060644493866442 0.003664609131572981 0.0034708018634909544 0.013307128045456293 0.018543838336833346 0.009957055134890326 -0.0024159664574578167 -0.008427897011091421 0.0]

Q[:,:,2] = [0.0 0.009508387672564737 0.0035638848498130114 0.0027226160781150437 0.010750916249872365 -0.06970028843415049 -0.020182112840497507 -0.008130520745118695 -0.007274588228127324 0.0026626406792554257 0.0013628022454792812 0.002907849004521304 0.00015876749479663198 -0.00882706659702215 0.0035671647616470777 -0.000433371803469054 -0.004648745962034904 -0.0024891396141364535 -0.000502652546188382 -0.006253788578521221 0.006099663516411022 0.0003970344679903191 0.003671641069624672 -0.00566344967841808 0.008246782302125645 0.010572331112947227 0.018382256925656898 0.02231329035979783 0.0005020558259108863 0.004808321713412004 0.009979650281975444 0.023580775004811448 -0.0011128123314927752 -0.012834398817740624 -0.00022507137826577615 0.002519175938455311
 -0.009508387672564737 0.0 -0.0009497720862662153 0.0021915185270748603 0.019033331599052114 0.010506890599838281 -0.011258335895084782 -0.004844848536282801 0.07100428353933212 -0.004813494555465137 -0.0019305751057658751 0.006364837407672257 0.003816646356953157 -0.0005194227090153369 -0.005387186091300356 0.0050928179485313675 0.001007677781056075 -0.006954479827459274 0.00487504760307327 0.0006380143115461824 0.0005072234042636057 0.006671406371004332 0.0038449359299240985 0.0005529337149809443 -0.006626129103768915 -0.013351694345203807 -0.029733003733694266 -0.017673899927516033 -0.006390046119078398 -0.0008192428011451719 -0.002240059279352431 -0.011347796514229219 -0.0008086737054562355 -0.0031154694866999174 0.0016547917209425618 0.0005101606801037378
 -0.0035638848498130114 0.0009497720862662153 0.0 0.01999597002821694 -0.001703281712357546 0.006839987432363321 0.001760530548077458 -0.02114676068233532 -0.008202588103197841 0.0005385957017506774 0.00400288619787257 0.0022898571886770967 0.004964841020029943 0.0006847981367977159 -0.0005389425911522137 0.004810622127993561 0.0031435523564858838 -0.003791650377308455 -0.0023513885249079637 -0.0030654066779531378 0.004133109696243316 -0.0017074657913978832 -0.012120502540213306 0.005494643288457529 0.022231779793206802 -0.01460493122497407 -0.0008987423373578009 -0.007803565032480638 -0.023921429142537882 -0.00381327475841756 0.025756062575354375 0.007284680541466193 0.003370705815050277 0.0013632064938275624 -0.01619647262508119 0.005814685943348849
 -0.0027226160781150437 -0.0021915185270748603 -0.01999597002821694 -0.22338158967801142 0.0029081385556804793 0.00015948141515134567 -0.016163198282529153 -0.05547043081963236 -0.009433355376732917 -0.007113210988586094 -0.0011805078283454004 0.07157108235154734 -0.005490483532017096 -0.012233537667379456 -0.009600849907051867 0.0005948212415751154 -0.0014477366333069137 0.013754991869557032 0.03393575265627902 0.0014376997295657747 -0.025786178177454648 0.017292289722009167 0.012873073001362319 -0.012188458614266649 -0.0032091718078244387 0.00502322478625636 0.0035416191500158706 0.018540520573147232 0.03669167091829044 0.05920374388074469 0.003483132244134726 0.008689665476838051 0.032681264235904374 0.051999223750440506 0.028242644220189163 0.004984774167856916
 -0.010750916249872365 -0.019033331599052114 0.001703281712357546 -0.0029081385556804793 -0.22338158967801142 -0.0028538244981934652 0.14019349766797126 -0.01587026535358754 -0.016920260332729364 0.0018074910681748785 -0.020182806125246113 -0.010983085090308686 0.006456006273132351 0.00030852449650823374 -0.019002533208517216 0.010099204235960148 -0.0017474648940988468 0.010138362772194336 0.00030628016660579744 0.016421591910773865 0.016306277038903073 -0.019663371434518306 -6.941930844408444e-5 0.006164344090469566 -0.0018276647071526154 -0.000569263723517106 0.006835223389594498 0.03490662785442184 0.008176700649410234 0.036169484396521116 0.002966646625457302 0.03028533211247162 0.03055606095062561 0.007829408392143734 -0.00043722391216454836 -0.0014291871326035837
 0.06970028843415049 -0.010506890599838281 -0.006839987432363321 -0.00015948141515134567 0.0028538244981934652 -0.22338158967801142 -0.01619037564993687 -0.004993990922564379 -0.05152147105035772 -0.02198297328108669 -0.01087622081741446 -0.005860194563079369 -0.011047399679843905 0.013404227456224119 0.01717822674662576 0.013730748204421914 -0.0010548253565564533 -0.0009558271681630624 0.03197367113355577 -0.024878947962859388 -0.006025989511568465 0.0009156332425585823 -0.011825693425753242 -0.00500349412240242 0.01108499809881105 0.028978493325047754 0.055780266127187436 0.06007043670788735 0.03716318812353623 0.018002743197968882 0.0027710877461861686 0.030812493261268413 0.008022699345207636 0.006217205491348211 0.0037263206578067344 0.0007188008389655415
 0.020182112840497507 0.011258335895084782 -0.001760530548077458 0.016163198282529153 -0.14019349766797126 0.01619037564993687 0.22338158967801142 0.0028899155541740064 0.0028040875751875883 -0.0013958700990780559 0.01098847924956014 0.020270418059492857 -0.0003578632762615563 -0.006487388076288382 0.01907958133526228 -0.016224068799638083 -1.4710347308784488e-5 -0.016764957523733068 0.0017663338788515607 -0.01011537290681937 -0.010203787764906899 0.02005105901009811 -0.006615472244341371 -0.00014323919280780735 0.0004549981515633772 0.0015785277667261454 -0.008930923289258376 -0.029934109456580617 -0.002764501298667684 -0.029801302409318515 -0.00789036722165272 -0.03474304556845789 -0.03549762887955573 -0.00926868277328885 0.0013858841601879894 0.0006624222568496592
 0.008130520745118695 0.004844848536282801 0.02114676068233532 0.05547043081963236 0.01587026535358754 0.004993990922564379 -0.0028899155541740064 0.22338158967801142 -0.00014107236577401365 0.006159314896926241 -0.07269722999110577 0.0038180301132894334 0.013136854340286833 0.0060319168027890445 0.0005088092908082843 0.006254298605303329 -0.03278795128461698 0.021074342426347537 0.0012188047841667302 0.0011970349165726585 -0.01434237598074924 -0.01307877007808408 0.010707591229320326 -0.014052427834204113 -0.0038385151347214647 0.0021760237900300067 -0.005590898111423255 -0.009040745811270616 -0.003752398345812678 -0.030556197051935796 -0.03619678566145881 -0.02021997725966527 -0.0582591918068488 -0.052318466416387883 -0.007613180641679357 -0.02874532860346183
 0.007274588228127324 -0.07100428353933212 0.008202588103197841 0.009433355376732917 0.016920260332729364 0.05152147105035772 -0.0028040875751875883 0.00014107236577401365 0.22338158967801142 0.020032399149722192 0.005968632734004524 0.0048405759582081515 -0.0132860012516995 0.012461528384409023 -0.01244476662092482 0.022558274283429377 -0.032946843235179046 0.00695690905782068 0.0013660455312108624 -0.014624528080353525 0.0011973740137673572 -0.004168997695681674 0.005204240841145677 0.012458618433788298 -0.029471097413661954 -0.00924402718799877 -0.050618777557076625 -0.034456088423727944 -0.003995893789372323 -0.009570965247655099 -0.039139728649765795 -0.06281352296009246 -0.0175278059097445 0.0024048405173039923 0.0001732857161288173 -0.004380234618416403
 -0.0026626406792554257 0.004813494555465137 -0.0005385957017506774 0.007113210988586094 -0.0018074910681748785 0.02198297328108669 0.0013958700990780559 -0.006159314896926241 -0.020032399149722192 0.0 -0.0016509999327778495 -0.007034642296110713 0.003905972038928253 -0.011246112274711815 0.0004553514351348459 -0.00413769316498632 0.0024144813840531526 0.002920185304727279 -0.0032660289497464913 0.00231679366287103 -0.004516055204456576 0.0034517778321950542 0.00221650088184393 0.006379015884659102 0.0111187224715043 -0.018664799256520898 0.0013030024820517648 0.001169915688991583 -0.022467236794475796 -0.0056270581774665995 0.021198336036453175 -0.0006069449899950034 0.007189440778050595 -0.001759996085039811 -0.014409099733165225 0.02524206354960218
 -0.0013628022454792812 0.0019305751057658751 -0.00400288619787257 0.0011805078283454004 0.020182806125246113 0.01087622081741446 -0.01098847924956014 0.07269722999110577 -0.005968632734004524 0.0016509999327778495 0.0 -0.0013265033687660677 0.001521783675114539 0.005476759640002908 -0.001030764467080976 -0.004161073394437413 0.0011101497560292396 0.006418538630482191 0.0048342042322941986 -9.279321357462443e-5 0.0018502776997250216 -0.0044037332171102915 -0.0012588730676974125 0.002109838538551227 -0.00582384082394611 -0.004852816005670807 0.005368518899241415 0.002521922336104574 -0.005943588681629318 -0.021723282057339158 0.001614682476216587 0.0022093924626723164 -0.02555251487599304 -0.024234223563666134 -0.01330268363169895 -0.007524917351562859
 -0.002907849004521304 -0.006364837407672257 -0.0022898571886770967 -0.07157108235154734 0.010983085090308686 0.005860194563079369 -0.020270418059492857 -0.0038180301132894334 -0.0048405759582081515 0.007034642296110713 0.0013265033687660677 0.0 -0.0039254199913376165 0.0014582393161073218 0.010321561426073968 -0.0014159651419294833 -0.004829823782318785 -0.0025905400559075513 -0.0018714231568894312 -0.004163331485800038 -0.002047990194406895 0.002904510993968863 -0.005919188991244098 9.337561770226697e-5 0.007067575691307185 -0.0002558969864991922 -0.004878504122590713 -0.004911441439763057 0.0034262393826443595 0.02487995993662064 0.007138869191050395 0.003221893298216703 0.022743450222268768 0.017666409771849637 0.009966649732872791 0.012779015533147906
 -0.00015876749479663198 -0.003816646356953157 -0.004964841020029943 0.005490483532017096 -0.006456006273132351 0.011047399679843905 0.0003578632762615563 -0.013136854340286833 0.0132860012516995 -0.003905972038928253 -0.001521783675114539 0.0039254199913376165 0.0 0.012906667437093493 -0.00023284861134293647 3.2275452832815745e-5 -0.015392308278556775 -0.011085490912747019 0.030910235508619998 -0.0015519977792532488 0.003918112328600826 0.001345104270584072 0.006781896479143563 -0.00020695648803080945 -0.021048376953782578 -0.005103649691514189 0.0013551674268498588 -0.002700705337901841 -0.0030982807972311033 0.013212090092493472 -0.0023205934081953535 -0.0034536356904541895 0.009421570943237858 0.005992767053196382 -0.014751391956596381 -0.005075947618963651
 0.00882706659702215 0.0005194227090153369 -0.0006847981367977159 0.012233537667379456 -0.00030852449650823374 -0.013404227456224119 0.006487388076288382 -0.0060319168027890445 -0.012461528384409023 0.011246112274711815 -0.005476759640002908 -0.0014582393161073218 -0.012906667437093493 0.0 -0.0055135340991183035 0.0029472701077922093 -0.03072213882025594 -0.0033541914321908463 0.015871594503203853 0.003113214320616664 0.010432060298589944 -0.0001660932584015202 -0.0007558758161473873 -0.006298845845519546 0.0072362939510500785 0.008704279728130702 0.006376823751272817 -0.006292816964933989 0.009309504049224987 -0.012614497086337004 0.0029500315831536886 0.005717153202846895 -0.011133210713014194 -0.003714399775941439 0.01117666221838991 0.010149850443103087
 -0.0035671647616470777 0.005387186091300356 0.0005389425911522137 0.009600849907051867 0.019002533208517216 -0.01717822674662576 -0.01907958133526228 -0.0005088092908082843 0.01244476662092482 -0.0004553514351348459 0.001030764467080976 -0.010321561426073968 0.00023284861134293647 0.0055135340991183035 0.0 -0.03767933850390214 0.0012464545003288115 -0.00280950163873803 -0.0027780629516107515 0.04100620625891354 -0.0039478519455957515 0.004203444259412074 -0.0024656517655691815 -0.0019158112305867835 0.00012629942408592314 0.0012954254892915038 -0.0019474145860314306 -0.004430434950732588 -0.0015708491644583883 0.00112851153446881 0.00255740509324588 -0.001933803723305858 0.005432356586793328 0.0015766564512990169 0.00177658124325881 -0.0015113509815029025
